xsi 0101txt 0032

SI_CoordinateSystem coord {
	1;
	0;
	1;
	0;
	2;
	5;
}

Frame frm-hp_dummyroot {
	FrameTransformMatrix {
		1.000000,0.000002,0.000000,0.000000,
		-0.000002,1.000000,-0.000001,0.000000,
		-0.000000,0.000001,1.000000,0.000000,
		-2.904388,4.470848,-1.065010,1.000000;;
	}
		Frame frm-obj1 {
			FrameTransformMatrix {
				-0.973219,0.019411,0.229058,0.000000,
				0.225850,-0.104984,0.968488,0.000000,
				0.042847,0.994284,0.097789,0.000000,
				0.787966,-0.122814,0.935209,1.000000;;
			}
				Frame frm-obj4 {
					FrameTransformMatrix {
						-0.947757,0.120413,0.295394,0.000000,
						0.142353,0.988350,0.053845,0.000000,
						-0.285470,0.093082,-0.953857,0.000000,
						-0.282816,-1.735353,1.013360,1.000000;;
					}
						Frame frm-obj2 {
							FrameTransformMatrix {
								0.970773,-0.096949,0.219547,0.000000,
								0.080903,0.993429,0.080958,0.000000,
								-0.225953,-0.060830,0.972237,0.000000,
								0.180614,0.568800,0.876128,1.000000;;
							}
								Frame frm-obj3 {
									FrameTransformMatrix {
										0.999704,-0.021431,0.011558,0.000000,
										0.021277,0.999685,0.013303,0.000000,
										-0.011840,-0.013053,0.999845,0.000000,
										0.058081,-0.131096,0.014960,1.000000;;
									}
								}
						}
				}
		}
}

AnimationSet {
	Animation anim-obj4 {
		{frm-obj4}
		SI_AnimationKey {
			2;
			2;
			0;3;-0.282816,-1.735353,1.013360;;,
			17;3;-0.281736,-1.741196,1.068700;;;
		}
		SI_AnimationKey {
			0;
			2;
			0;4;0.147256,0.066614,0.986150,0.037248;;,
			17;4;0.983121,-0.087906,-0.057848,0.149666;;;
		}
	}
	Animation anim-obj2 {
		{frm-obj2}
		SI_AnimationKey {
			2;
			2;
			0;3;0.180614,0.568800,0.876128;;,
			17;3;-0.073381,0.637591,0.831453;;;
		}
		SI_AnimationKey {
			0;
			2;
			0;4;0.992023,-0.035732,0.112271,0.044820;;,
			17;4;0.988080,0.085183,0.011970,-0.127670;;;
		}
	}
	Animation anim-obj3 {
		{frm-obj3}
		SI_AnimationKey {
			2;
			3;
			0;3;0.058081,-0.131096,0.014960;;,
			13;3;0.058081,-0.131096,0.014960;;,
			17;3;0.010827,-0.426058,0.023636;;;
		}
		SI_AnimationKey {
			0;
			3;
			0;4;0.999904,-0.006590,0.005850,0.010678;;,
			13;4;0.999904,-0.006590,0.005850,0.010678;;,
			17;4;0.999904,-0.006590,0.005850,0.010678;;;
		}
	}
}
