xsi 0101txt 0032

SI_CoordinateSystem coord {
	1;
	0;
	1;
	0;
	2;
	5;
}

Frame frm-hp_bones {
	FrameTransformMatrix {
		1.000000,0.000002,0.000000,0.000000,
		-0.000002,1.000000,-0.000001,0.000000,
		-0.000000,0.000001,1.000000,0.000000,
		0.000000,0.000000,0.000000,1.000000;;
	}
		Frame frm-body {
			FrameTransformMatrix {
				1.000000,0.000000,0.000000,0.000000,
				0.000000,1.000000,0.000000,0.000000,
				0.000000,0.000000,1.000000,0.000000,
				0.000002,1.465898,-1.566955,1.000000;;
			}
				Frame frm-cockpit {
					FrameTransformMatrix {
						1.000000,0.000000,-0.000000,0.000000,
						0.000000,1.000000,0.000000,0.000000,
						0.000000,-0.000000,1.000000,0.000000,
						-0.000001,0.382429,1.582374,1.000000;;
					}
						Frame frm-hp_eyepoint {
							FrameTransformMatrix {
								1.000000,0.000002,-0.000002,0.000000,
								-0.000002,1.000000,0.000000,0.000000,
								0.000002,-0.000000,1.000000,0.000000,
								0.000000,-0.025198,-0.056097,1.000000;;
							}
						}
				}
				Frame frm-flame_1__h {
					FrameTransformMatrix {
						1.000000,0.000000,-0.000000,0.000000,
						0.000000,1.000000,-0.000000,0.000000,
						0.000000,0.000000,1.000000,0.000000,
						-0.983872,-0.097757,-2.460649,1.000000;;
					}
				}
				Frame frm-flame_2__h {
					FrameTransformMatrix {
						1.000000,0.000000,-0.000000,0.000000,
						0.000000,1.000000,-0.000000,0.000000,
						0.000000,0.000000,1.000000,0.000000,
						0.983887,-0.097757,-2.460646,1.000000;;
					}
				}
				Frame frm-hp_com {
					FrameTransformMatrix {
						-0.403385,-0.000001,-0.000000,0.000000,
						-0.000000,0.000000,0.403385,0.000000,
						-0.000001,0.403385,-0.000000,0.000000,
						0.000000,-0.295349,0.231663,1.000000;;
					}
				}
				Frame frm-hp_rocket_1 {
					FrameTransformMatrix {
						1.000000,0.000002,-0.000002,0.000000,
						-0.000002,1.000000,0.000001,0.000000,
						0.000002,-0.000000,1.000000,0.000000,
						-3.028711,-0.129191,2.449660,1.000000;;
					}
				}
				Frame frm-hp_rocket_2 {
					FrameTransformMatrix {
						1.000000,0.000002,-0.000002,0.000000,
						-0.000002,1.000000,0.000001,0.000000,
						0.000002,-0.000000,1.000000,0.000000,
						3.028709,-0.129182,2.449661,1.000000;;
					}
				}
				Frame frm-hp_smoke {
					FrameTransformMatrix {
						1.000000,0.000001,0.000001,0.000000,
						0.000002,-0.975120,-0.221677,0.000000,
						0.000001,0.221677,-0.975120,0.000000,
						-0.000004,0.908144,-0.178304,1.000000;;
					}
				}
				Frame frm-hp_special_1 {
					FrameTransformMatrix {
						-0.403385,-0.000001,-0.000000,0.000000,
						-0.000000,0.000000,0.403385,0.000000,
						-0.000001,0.403385,-0.000000,0.000000,
						0.000003,-0.441556,-0.823523,1.000000;;
					}
				}
		}
		Frame frm-rw {
			FrameTransformMatrix {
				-0.051237,0.998687,-0.000002,0.000000,
				-0.998687,-0.051237,-0.000002,0.000000,
				-0.000002,0.000002,1.000000,0.000000,
				-2.029387,1.413119,-1.510416,1.000000;;
			}
			SI_FrameBasePoseMatrix {
				0.530853,0.847464,-0.000001,0.000000,
				-0.847464,0.530853,-0.000002,0.000000,
				-0.000001,0.000002,1.000000,0.000000,
				-2.029387,1.681032,-1.510416,1.000000;;
			}
				Frame frm-rcon {
					FrameTransformMatrix {
						0.010629,-0.998555,-0.052683,0.000000,
						0.158980,0.053704,-0.985820,0.000000,
						0.987225,0.002102,0.159321,0.000000,
						-0.000000,0.593321,-0.000000,1.000000;;
					}
					SI_FrameBasePoseMatrix {
						0.604330,-0.796007,0.034036,0.000000,
						0.151251,0.072678,-0.985820,0.000000,
						0.782246,0.600909,0.164318,0.000000,
						-0.000000,0.593321,0.000000,1.000000;;
					}
						Frame frm-r1 {
							FrameTransformMatrix {
								0.985801,0.149505,-0.076445,0.000000,
								-0.157301,0.981529,-0.108891,0.000000,
								0.058754,0.119370,0.991110,0.000000,
								0.000000,1.034275,-0.000000,1.000000;;
							}
							SI_FrameBasePoseMatrix {
								0.809197,-0.515054,-0.282701,0.000000,
								0.402591,0.836520,-0.371693,0.000000,
								0.427927,0.186960,0.884265,0.000000,
								0.000000,1.034275,0.000000,1.000000;;
							}
								Frame frm-r2 {
									FrameTransformMatrix {
										-0.008866,-0.036071,-0.999310,0.000000,
										0.595669,0.802499,-0.034252,0.000000,
										0.803181,-0.595562,0.014372,0.000000,
										0.000000,0.927177,0.000000,1.000000;;
									}
									SI_FrameBasePoseMatrix {
										0.422658,0.383130,-0.821323,0.000000,
										0.669731,0.478524,0.567869,0.000000,
										0.610591,-0.790080,-0.054342,0.000000,
										-0.000000,0.927177,0.000000,1.000000;;
									}
										Frame frm-r3 {
											FrameTransformMatrix {
												0.996632,0.068980,0.044334,0.000000,
												-0.081991,0.830836,0.550445,0.000000,
												0.001136,-0.552226,0.833694,0.000000,
												-0.000000,0.804277,0.000000,1.000000;;
											}
											SI_FrameBasePoseMatrix {
												0.767402,0.503243,0.397292,0.000000,
												-0.610781,0.385287,0.691738,0.000000,
												0.195041,-0.773499,0.603041,0.000000,
												0.000000,0.804277,0.000000,1.000000;;
											}
										}
								}
						}
				}
				Frame frm-rcon2 {
					FrameTransformMatrix {
						0.177029,-0.983006,0.048581,0.000000,
						0.896838,0.181449,0.403432,0.000000,
						-0.405391,-0.027850,0.913719,0.000000,
						-0.000000,0.593321,-0.000000,1.000000;;
					}
					SI_FrameBasePoseMatrix {
						0.177029,-0.983006,0.048581,0.000000,
						0.928758,0.183186,0.322261,0.000000,
						-0.325683,-0.011929,0.945404,0.000000,
						-0.000000,0.593321,0.000000,1.000000;;
					}
						Frame frm-ltw1 {
							FrameTransformMatrix {
								0.972644,-0.227162,0.048583,0.000000,
								0.187260,0.642965,-0.742651,0.000000,
								0.137465,0.731433,0.667914,0.000000,
								-0.000000,1.246278,0.000000,1.000000;;
							}
							SI_FrameBasePoseMatrix {
								0.972644,-0.227162,0.048583,0.000000,
								0.231446,0.965555,-0.118901,0.000000,
								-0.019899,0.126893,0.991717,0.000000,
								0.000000,1.246277,-0.000000,1.000000;;
							}
								Frame frm-ltw2 {
									FrameTransformMatrix {
										1.000000,-0.000003,-0.000001,0.000000,
										0.000001,0.634503,-0.772920,0.000000,
										0.000003,0.772920,0.634503,0.000000,
										-0.000000,0.470705,-0.000000,1.000000;;
									}
									SI_FrameBasePoseMatrix {
										0.910511,-0.142064,-0.388314,0.000000,
										0.370950,0.695521,0.615342,0.000000,
										0.182663,-0.704321,0.685978,0.000000,
										-0.000000,0.470704,0.000000,1.000000;;
									}
								}
						}
				}
				Frame frm-rcon3 {
					FrameTransformMatrix {
						0.117556,-0.978695,0.168336,0.000000,
						-0.010344,0.168296,0.985682,0.000000,
						-0.993012,-0.117614,0.009660,0.000000,
						-0.000000,0.593321,-0.000000,1.000000;;
					}
					SI_FrameBasePoseMatrix {
						0.117556,-0.978695,0.168336,0.000000,
						-0.010344,0.168296,0.985682,0.000000,
						-0.993012,-0.117614,0.009660,0.000000,
						-0.000000,0.593321,0.000000,1.000000;;
					}
						Frame frm-rkt1 {
							FrameTransformMatrix {
								0.971386,-0.167547,0.168338,0.000000,
								0.167546,-0.018954,-0.985682,0.000000,
								0.168338,0.985682,0.009661,0.000000,
								-0.000000,2.427885,0.000000,1.000000;;
							}
							SI_FrameBasePoseMatrix {
								0.971386,-0.167547,0.168338,0.000000,
								0.167546,-0.018954,-0.985682,0.000000,
								0.168338,0.985682,0.009661,0.000000,
								0.000000,2.427885,0.000000,1.000000;;
							}
						}
				}
		}
		Frame frm-lw {
			FrameTransformMatrix {
				-0.051236,-0.998686,-0.000010,0.000000,
				0.998686,-0.051236,0.000001,0.000000,
				-0.000002,-0.000010,1.000000,0.000000,
				2.029391,1.413119,-1.510410,1.000000;;
			}
			SI_FrameBasePoseMatrix {
				0.530853,-0.847464,-0.000010,0.000000,
				0.847464,0.530853,0.000001,0.000000,
				0.000004,-0.000008,1.000000,0.000000,
				2.029391,1.681032,-1.510410,1.000000;;
			}
				Frame frm-lcon {
					FrameTransformMatrix {
						0.010631,0.998555,0.052683,0.000000,
						-0.158968,0.053703,-0.985822,0.000000,
						-0.987227,0.002105,0.159309,0.000000,
						0.000000,0.593321,0.000000,1.000000;;
					}
					SI_FrameBasePoseMatrix {
						0.604333,0.796005,-0.034029,0.000000,
						-0.151238,0.072678,-0.985822,0.000000,
						-0.782246,0.600911,0.164308,0.000000,
						-0.000000,0.593321,0.000000,1.000000;;
					}
						Frame frm-l1 {
							FrameTransformMatrix {
								0.985675,-0.149253,0.078533,0.000000,
								0.157301,0.981529,-0.108890,0.000000,
								-0.060830,0.119684,0.990947,0.000000,
								0.000000,1.034275,-0.000000,1.000000;;
							}
							SI_FrameBasePoseMatrix {
								0.808151,0.516855,0.282407,0.000000,
								-0.404238,0.835469,-0.372269,0.000000,
								-0.428351,0.186690,0.884117,0.000000,
								-0.000000,1.034275,-0.000000,1.000000;;
							}
								Frame frm-l2 {
									FrameTransformMatrix {
										0.006760,-0.036074,-0.999326,0.000000,
										-0.595740,0.802499,-0.032999,0.000000,
										0.803149,0.595562,-0.016066,0.000000,
										0.000000,0.927177,-0.000000,1.000000;;
									}
									SI_FrameBasePoseMatrix {
										-0.423885,0.383643,-0.820451,0.000000,
										-0.669088,0.477901,0.569150,0.000000,
										0.610445,0.790208,0.054116,0.000000,
										0.000000,0.927177,-0.000000,1.000000;;
									}
										Frame frm-l3 {
											FrameTransformMatrix {
												-0.963505,-0.207294,-0.169374,0.000000,
												-0.081988,0.830836,-0.550445,0.000000,
												0.254826,-0.516470,-0.817510,0.000000,
												-0.000000,0.804277,0.000000,1.000000;;
											}
											SI_FrameBasePoseMatrix {
												-0.768430,-0.617932,0.166358,0.000000,
												-0.519870,0.451206,-0.725361,0.000000,
												0.373162,-0.643874,-0.667965,0.000000,
												0.000000,0.804277,-0.000000,1.000000;;
											}
										}
								}
						}
				}
				Frame frm-lcon2 {
					FrameTransformMatrix {
						0.177028,0.983006,-0.048582,0.000000,
						-0.896843,0.181449,0.403420,0.000000,
						0.405380,-0.027847,0.913724,0.000000,
						0.000000,0.593321,0.000000,1.000000;;
					}
					SI_FrameBasePoseMatrix {
						0.177028,0.983006,-0.048582,0.000000,
						-0.939562,0.183490,0.289058,0.000000,
						0.293060,-0.005526,0.956078,0.000000,
						-0.000000,0.593321,0.000000,1.000000;;
					}
						Frame frm-rtw1 {
							FrameTransformMatrix {
								0.972645,0.227161,-0.048582,0.000000,
								-0.187258,0.642965,-0.742651,0.000000,
								-0.137465,0.731433,0.667914,0.000000,
								-0.000000,1.246277,0.000000,1.000000;;
							}
							SI_FrameBasePoseMatrix {
								0.972645,0.227161,-0.048582,0.000000,
								-0.231444,0.965555,-0.118902,0.000000,
								0.019899,0.126893,0.991717,0.000000,
								0.000000,1.246277,0.000000,1.000000;;
							}
								Frame frm-rtw2 {
									FrameTransformMatrix {
										1.000000,-0.000003,-0.000001,0.000000,
										0.000001,0.634503,-0.772920,0.000000,
										0.000003,0.772920,0.634503,0.000000,
										0.000000,0.470705,0.000000,1.000000;;
									}
									SI_FrameBasePoseMatrix {
										0.910606,0.126552,0.393422,0.000000,
										-0.363200,0.699266,0.615721,0.000000,
										-0.197187,-0.703570,0.682720,0.000000,
										-0.000000,0.470704,-0.000000,1.000000;;
									}
								}
						}
				}
				Frame frm-lcon3 {
					FrameTransformMatrix {
						0.117555,0.978695,-0.168335,0.000000,
						0.010332,0.168296,0.985682,0.000000,
						0.993013,-0.117611,0.009672,0.000000,
						0.000000,0.593321,0.000000,1.000000;;
					}
					SI_FrameBasePoseMatrix {
						0.117555,0.978695,-0.168335,0.000000,
						0.010332,0.168296,0.985682,0.000000,
						0.993013,-0.117611,0.009672,0.000000,
						-0.000000,0.593321,0.000000,1.000000;;
					}
						Frame frm-rkt2 {
							FrameTransformMatrix {
								0.971387,0.167544,-0.168335,0.000000,
								-0.167543,-0.018953,-0.985683,0.000000,
								-0.168335,0.985682,0.009660,0.000000,
								0.000000,2.427885,-0.000000,1.000000;;
							}
							SI_FrameBasePoseMatrix {
								0.971387,0.167543,-0.168335,0.000000,
								-0.167543,-0.018953,-0.985683,0.000000,
								-0.168335,0.985682,0.009660,0.000000,
								-0.000000,2.427885,-0.000000,1.000000;;
							}
						}
				}
		}
		Frame frm-all {
			FrameTransformMatrix {
				1.000000,0.000002,0.000002,0.000000,
				-0.000002,-0.000000,1.000000,0.000000,
				0.000002,-1.000000,-0.000000,0.000000,
				0.000002,1.438838,-1.226773,1.000000;;
			}
			SI_FrameBasePoseMatrix {
				1.000000,0.000002,0.000002,0.000000,
				-0.000002,-0.000000,1.000000,0.000000,
				0.000002,-1.000000,-0.000000,0.000000,
				0.000002,1.438838,-1.226773,1.000000;;
			}
		}
		Frame frm-rall {
			FrameTransformMatrix {
				-0.000003,1.000000,0.000000,0.000000,
				-0.316226,-0.000001,-0.948684,0.000000,
				-0.948684,-0.000003,0.316226,0.000000,
				0.000002,1.438838,-1.226773,1.000000;;
			}
			SI_FrameBasePoseMatrix {
				-0.000003,1.000000,0.000000,0.000000,
				-0.316226,-0.000001,-0.948684,0.000000,
				-0.948684,-0.000003,0.316226,0.000000,
				0.000002,1.438838,-1.226773,1.000000;;
			}
		}
		Frame frm-lall {
			FrameTransformMatrix {
				-0.000003,-1.000000,0.000000,0.000000,
				0.316229,-0.000001,-0.948683,0.000000,
				0.948683,-0.000003,0.316229,0.000000,
				0.000002,1.438838,-1.226773,1.000000;;
			}
			SI_FrameBasePoseMatrix {
				-0.000003,-1.000000,0.000000,0.000000,
				0.316229,-0.000001,-0.948683,0.000000,
				0.948683,-0.000003,0.316229,0.000000,
				0.000002,1.438838,-1.226773,1.000000;;
			}
		}
}

AnimationSet {
	Animation anim-r1 {
		{frm-r1}
		SI_AnimationKey {
			0;
			3;
			0;4;0.957427,0.162727,-0.191481,0.142087;;,
			1;4;0.939412,0.148671,-0.189115,0.244207;;,
			2;4;0.911105,0.132986,-0.184676,0.343652;;;
		}
	}
	Animation anim-r2 {
		{frm-r2}
		SI_AnimationKey {
			0;
			3;
			0;4;0.711734,-0.426659,-0.556261,0.044394;;,
			1;4;0.679492,-0.499619,-0.526832,0.105447;;,
			2;4;0.639806,-0.567105,-0.491631,0.165344;;;
		}
	}
	Animation anim-r3 {
		{frm-r3}
		SI_AnimationKey {
			0;
			3;
			0;4;0.874369,-0.363277,0.008922,-0.321605;;,
			1;4;0.830020,-0.441326,0.060918,-0.335542;;,
			2;4;0.776576,-0.514539,0.112245,-0.345802;;;
		}
	}
	Animation anim-ltw2 {
		{frm-ltw2}
		SI_AnimationKey {
			0;
			3;
			0;4;0.908579,-0.297826,-0.217867,0.195749;;,
			1;4;0.907195,-0.363666,-0.157347,0.141374;;,
			2;4;0.895871,-0.425522,-0.095103,0.085449;;;
		}
	}
	Animation anim-l1 {
		{frm-l1}
		SI_AnimationKey {
			0;
			3;
			0;4;0.910706,0.133084,0.184780,-0.344614;;,
			1;4;0.939113,0.148800,0.189210,-0.245203;;,
			2;4;0.957232,0.162884,0.191567,-0.143104;;;
		}
	}
	Animation anim-l2 {
		{frm-l2}
		SI_AnimationKey {
			0;
			3;
			0;4;0.491141,0.164950,-0.639963,-0.567466;;,
			1;4;0.526339,0.104998,-0.679645,-0.500025;;,
			2;4;0.555770,0.043895,-0.711881,-0.427105;;;
		}
	}
	Animation anim-l3 {
		{frm-l3}
		SI_AnimationKey {
			0;
			3;
			0;4;-0.007991,-0.356496,0.803168,-0.477251;;,
			1;4;0.060850,0.334787,-0.849647,0.402883;;,
			2;4;0.113043,0.309410,-0.886817,0.324102;;;
		}
	}
	Animation anim-rtw2 {
		{frm-rtw2}
		SI_AnimationKey {
			0;
			3;
			0;4;0.895920,-0.425440,0.098364,-0.081566;;,
			1;4;0.907275,-0.363531,0.162742,-0.134951;;,
			2;4;0.908690,-0.297639,0.225338,-0.186858;;;
		}
	}
}

SI_EnvelopeList {
	23;
	SI_Envelope {
		"frm-body";
		"frm-rkt2";
		13;
		87;0.000000;,
		88;0.000000;,
		91;0.000000;,
		92;0.000000;,
		95;0.000000;,
		96;0.000000;,
		97;0.000000;,
		98;0.000000;,
		132;0.000000;,
		140;99.998426;,
		141;99.975491;,
		142;99.998629;,
		143;97.650743;;
	}
	SI_Envelope {
		"frm-body";
		"frm-rw";
		26;
		1;24.104249;,
		3;0.000002;,
		4;18.748298;,
		5;17.553888;,
		6;76.731294;,
		7;82.622385;,
		8;78.533757;,
		9;77.592623;,
		10;13.179365;,
		11;40.883872;,
		12;27.710789;,
		13;22.132358;,
		16;18.465480;,
		17;10.257563;,
		18;0.864683;,
		25;1.559921;,
		35;0.000000;,
		36;15.548137;,
		37;1.219788;,
		38;6.372773;,
		39;3.009874;,
		40;6.258457;,
		41;4.308204;,
		42;5.126931;,
		59;11.182513;,
		71;0.235477;;
	}
	SI_Envelope {
		"frm-body";
		"frm-rcon";
		13;
		8;8.537588;,
		9;7.420259;,
		12;61.508864;,
		13;49.373123;,
		14;7.071798;,
		16;71.977180;,
		17;56.882179;,
		41;86.929220;,
		42;88.729680;,
		43;100.000000;,
		44;100.000000;,
		45;3.140777;,
		46;4.239626;;
	}
	SI_Envelope {
		"frm-body";
		"frm-r1";
		10;
		12;1.270035;,
		16;0.373075;,
		41;4.880147;,
		42;6.143398;,
		45;93.189895;,
		46;88.525891;,
		47;52.812642;,
		48;53.285551;,
		49;3.643046;,
		50;3.716110;;
	}
	SI_Envelope {
		"frm-body";
		"frm-all";
		31;
		0;100.000000;,
		1;67.725009;,
		2;100.000000;,
		3;18.937248;,
		4;7.258958;,
		6;11.122946;,
		7;3.636191;,
		35;15.989801;,
		36;1.927632;,
		37;98.780221;,
		38;90.946400;,
		39;96.136862;,
		40;83.862138;,
		71;97.502881;,
		72;100.000000;,
		73;100.000000;,
		74;67.751455;,
		75;100.000000;,
		76;100.000000;,
		77;100.000000;,
		78;17.624176;,
		80;7.251129;,
		83;11.106391;,
		84;3.191701;,
		106;9.977745;,
		107;11.803940;,
		109;0.421066;,
		110;98.872489;,
		111;90.734708;,
		112;96.136057;,
		113;83.605701;;
	}
	SI_Envelope {
		"frm-body";
		"frm-lw";
		26;
		71;0.225849;,
		74;24.078624;,
		78;0.000000;,
		80;18.735832;,
		82;17.462295;,
		83;76.732576;,
		84;79.552722;,
		85;78.518933;,
		86;77.349108;,
		87;13.090587;,
		88;29.348597;,
		89;27.682543;,
		90;22.524664;,
		93;18.442701;,
		94;10.286987;,
		95;0.523181;,
		102;1.516505;,
		107;0.000000;,
		109;15.066388;,
		110;1.127513;,
		111;6.295883;,
		112;2.874558;,
		113;6.127223;,
		114;4.395570;,
		115;5.129337;,
		132;7.758533;;
	}
	SI_Envelope {
		"frm-body";
		"frm-rkt1";
		14;
		10;0.000000;,
		11;0.000000;,
		14;0.000000;,
		15;0.000000;,
		18;0.000000;,
		19;0.000000;,
		20;0.000000;,
		21;0.000000;,
		59;0.000000;,
		67;89.431953;,
		68;69.057286;,
		69;88.377941;,
		70;70.711732;,
		141;0.000690;;
	}
	SI_Envelope {
		"frm-body";
		"frm-lcon";
		13;
		85;8.540254;,
		86;7.404805;,
		89;61.546326;,
		90;49.700096;,
		91;7.073747;,
		93;72.006738;,
		94;56.928098;,
		114;87.136948;,
		115;88.727480;,
		116;100.000000;,
		117;100.000000;,
		118;3.141072;,
		119;4.239386;;
	}
	SI_Envelope {
		"frm-body";
		"frm-r2";
		4;
		45;3.242842;,
		46;5.871561;,
		47;47.187358;,
		48;46.714452;;
	}
	SI_Envelope {
		"frm-body";
		"frm-rtw2";
		6;
		134;8.527173;,
		135;7.644351;,
		136;100.000000;,
		137;99.413174;,
		138;98.149663;,
		139;100.000000;;
	}
	SI_Envelope {
		"frm-body";
		"frm-l1";
		10;
		89;1.270724;,
		93;0.373130;,
		114;4.891768;,
		115;6.143181;,
		118;93.188894;,
		119;88.526374;,
		120;52.812648;,
		121;53.285384;,
		122;3.643173;,
		123;3.715855;;
	}
	SI_Envelope {
		"frm-body";
		"frm-lcon2";
		12;
		84;5.477048;,
		86;2.391946;,
		88;59.962648;,
		90;24.799997;,
		92;21.623011;,
		94;32.784915;,
		114;3.575716;,
		131;96.816850;,
		132;81.122261;,
		133;53.465140;,
		134;19.857587;,
		135;16.355506;;
	}
	SI_Envelope {
		"frm-body";
		"frm-ltw2";
		6;
		61;8.755799;,
		62;7.694889;,
		63;100.000000;,
		64;99.352294;,
		65;98.137492;,
		66;100.000000;;
	}
	SI_Envelope {
		"frm-body";
		"frm-rall";
		50;
		1;7.692707;,
		3;41.302899;,
		4;68.071890;,
		5;75.764161;,
		6;2.402253;,
		7;7.074579;,
		8;12.928656;,
		9;12.839267;,
		12;3.820850;,
		13;2.889501;,
		16;0.661080;,
		22;100.000000;,
		23;100.000000;,
		24;92.144525;,
		25;97.848809;,
		26;100.000000;,
		27;100.000000;,
		28;100.000000;,
		29;100.000000;,
		30;100.000000;,
		31;100.000000;,
		32;100.000000;,
		33;100.000000;,
		34;100.000000;,
		35;43.748754;,
		36;67.878050;,
		38;2.388392;,
		39;0.853267;,
		40;5.474136;,
		71;1.018399;,
		78;40.555823;,
		79;50.000083;,
		80;5.928259;,
		81;49.999794;,
		82;6.767953;,
		84;4.841113;,
		101;7.863082;,
		102;0.631232;,
		106;45.065036;,
		107;42.834648;,
		108;50.008827;,
		109;15.544333;,
		111;0.455391;,
		113;4.687373;,
		144;100.000000;,
		145;100.000000;,
		146;100.000000;,
		147;100.000000;,
		148;100.000000;,
		149;100.000000;;
	}
	SI_Envelope {
		"frm-body";
		"frm-l3";
		11;
		118;0.426787;,
		119;1.362766;,
		122;96.356833;,
		123;96.284145;,
		124;100.000000;,
		125;100.000000;,
		126;100.000000;,
		127;100.000000;,
		128;100.000000;,
		129;100.000000;,
		130;100.000000;;
	}
	SI_Envelope {
		"frm-body";
		"frm-r3";
		11;
		45;0.426481;,
		46;1.362931;,
		49;96.356958;,
		50;96.283895;,
		51;100.000000;,
		52;100.000000;,
		53;100.000000;,
		54;100.000000;,
		55;100.000000;,
		56;100.000000;,
		57;100.000000;;
	}
	SI_Envelope {
		"frm-body";
		"frm-rcon3";
		18;
		1;0.478034;,
		6;9.743520;,
		10;86.820638;,
		11;14.824256;,
		12;5.689460;,
		14;92.928201;,
		15;78.989571;,
		16;8.523183;,
		18;99.135315;,
		19;100.000000;,
		20;100.000000;,
		21;100.000000;,
		59;2.265225;,
		60;7.343087;,
		67;10.568052;,
		68;30.942714;,
		69;11.622065;,
		70;29.288268;;
	}
	SI_Envelope {
		"frm-body";
		"frm-rtw1";
		9;
		88;0.000000;,
		92;0.000001;,
		131;3.183153;,
		132;11.119206;,
		133;39.341709;,
		134;71.615243;,
		135;76.000136;,
		137;0.586826;,
		138;1.850333;;
	}
	SI_Envelope {
		"frm-body";
		"frm-l2";
		4;
		118;3.243259;,
		119;5.871479;,
		120;47.187358;,
		121;46.714622;;
	}
	SI_Envelope {
		"frm-body";
		"frm-ltw1";
		9;
		11;0.000000;,
		15;0.003048;,
		58;4.392781;,
		59;16.004097;,
		60;40.006104;,
		61;73.374087;,
		62;76.421165;,
		64;0.647712;,
		65;1.862510;;
	}
	SI_Envelope {
		"frm-body";
		"frm-lcon3";
		17;
		74;0.457856;,
		83;9.724806;,
		87;86.909419;,
		88;10.688744;,
		89;5.677964;,
		91;92.926252;,
		92;78.376991;,
		93;8.516467;,
		95;99.476820;,
		96;100.000000;,
		97;100.000000;,
		98;100.000000;,
		133;7.193147;,
		140;0.001574;,
		141;0.023820;,
		142;0.001371;,
		143;2.349257;;
	}
	SI_Envelope {
		"frm-body";
		"frm-lall";
		50;
		3;39.759848;,
		4;5.920855;,
		5;6.681947;,
		7;4.751432;,
		24;7.855479;,
		25;0.591268;,
		35;40.261447;,
		36;14.646184;,
		38;0.292440;,
		40;4.405263;,
		71;1.017392;,
		74;7.712065;,
		78;41.820005;,
		79;49.999923;,
		80;68.084782;,
		81;50.000209;,
		82;75.769752;,
		83;2.436227;,
		84;6.937422;,
		85;12.940814;,
		86;12.854140;,
		89;3.822440;,
		90;2.975249;,
		93;0.660968;,
		99;100.000000;,
		100;100.000000;,
		101;92.136914;,
		102;97.852266;,
		103;100.000000;,
		104;100.000000;,
		105;100.000000;,
		106;44.957212;,
		107;45.361415;,
		108;49.991176;,
		109;68.968219;,
		111;2.514023;,
		112;0.989381;,
		113;5.579693;,
		150;100.000000;,
		151;100.000000;,
		152;100.000000;,
		153;100.000000;,
		154;100.000000;,
		155;100.000000;,
		156;100.000000;,
		157;100.000000;,
		158;100.000000;,
		159;100.000000;,
		160;100.000000;,
		161;100.000000;;
	}
	SI_Envelope {
		"frm-body";
		"frm-rcon2";
		12;
		7;1.915414;,
		9;2.147851;,
		11;44.291869;,
		13;25.605014;,
		15;21.007384;,
		17;32.860264;,
		41;3.882423;,
		58;95.607221;,
		59;70.548165;,
		60;52.650809;,
		61;17.870115;,
		62;15.883945;;
	}
}
