xsi 0101txt 0032

SI_CoordinateSystem coord {
	1;
	0;
	1;
	0;
	2;
	5;
}

Frame frm-hp_bones {
	FrameTransformMatrix {
		1.000000,0.000002,0.000000,0.000000,
		-0.000002,1.000000,-0.000001,0.000000,
		-0.000000,0.000001,1.000000,0.000000,
		0.000000,0.000000,0.000000,1.000000;;
	}
		Frame frm-bodymesh {
			FrameTransformMatrix {
				1.000000,0.000000,0.000000,0.000000,
				0.000000,1.000000,0.000000,0.000000,
				0.000000,0.000000,1.000000,0.000000,
				0.000000,0.000000,0.000000,1.000000;;
			}
		}
		Frame frm-root_bone {
			FrameTransformMatrix {
				0.000001,-0.000001,-1.000000,0.000000,
				-0.000000,1.000000,-0.000001,0.000000,
				1.000000,0.000000,0.000001,0.000000,
				0.000000,8.805256,0.176256,1.000000;;
			}
			SI_FrameBasePoseMatrix {
				0.000001,-0.000001,-1.000000,0.000000,
				-0.000000,1.000000,-0.000001,0.000000,
				1.000000,0.000000,0.000001,0.000000,
				0.000000,8.805256,0.176256,1.000000;;
			}
				Frame frm-torso {
					FrameTransformMatrix {
						-0.000001,1.000000,0.000000,0.000000,
						-1.000000,-0.000001,0.000000,0.000000,
						0.000000,-0.000000,1.000000,0.000000,
						0.000000,-0.000000,-0.000000,1.000000;;
					}
					SI_FrameBasePoseMatrix {
						-0.000001,1.000000,0.000000,0.000000,
						-1.000000,-0.000001,0.000000,0.000000,
						0.000000,-0.000000,1.000000,0.000000,
						0.000000,-0.000000,-0.000000,1.000000;;
					}
						Frame frm-link2_head {
							FrameTransformMatrix {
								1.000000,0.000000,-0.000001,0.000000,
								-0.000000,1.000000,-0.000002,0.000000,
								0.000001,0.000002,1.000000,0.000000,
								6.068272,-0.000000,0.000005,1.000000;;
							}
							SI_FrameBasePoseMatrix {
								1.000000,0.000000,-0.000001,0.000000,
								-0.000000,1.000000,-0.000002,0.000000,
								0.000001,0.000002,1.000000,0.000000,
								6.068272,-0.000000,0.000005,1.000000;;
							}
								Frame frm-link_head {
									FrameTransformMatrix {
										-0.000000,-1.000000,-0.000007,0.000000,
										1.000000,-0.000000,0.000001,0.000000,
										-0.000001,-0.000007,1.000000,0.000000,
										-0.000000,-0.740935,-0.000009,1.000000;;
									}
									SI_FrameBasePoseMatrix {
										-0.000000,-1.000000,-0.000007,0.000000,
										1.000000,-0.000000,0.000001,0.000000,
										-0.000001,-0.000007,1.000000,0.000000,
										-0.000000,-0.740935,-0.000009,1.000000;;
									}
										Frame frm-head {
											FrameTransformMatrix {
												-0.707108,0.000000,0.707105,0.000000,
												0.000000,1.000000,0.000000,0.000000,
												-0.707105,0.000000,-0.707108,0.000000,
												-0.000000,-0.000000,-0.000000,1.000000;;
											}
											SI_FrameBasePoseMatrix {
												-0.707108,0.000000,0.707105,0.000000,
												0.000000,1.000000,0.000000,0.000000,
												-0.707105,0.000000,-0.707108,0.000000,
												-0.000000,-0.000000,-0.000000,1.000000;;
											}
										}
								}
						}
						Frame frm-link_rarm {
							FrameTransformMatrix {
								0.000003,-1.000000,0.000001,0.000000,
								1.000000,0.000003,-0.000001,0.000000,
								0.000001,0.000001,1.000000,0.000000,
								6.068272,0.707104,-0.707104,1.000000;;
							}
							SI_FrameBasePoseMatrix {
								0.000003,-1.000000,0.000001,0.000000,
								1.000000,0.000003,-0.000001,0.000000,
								0.000001,0.000001,1.000000,0.000000,
								6.068272,0.707104,-0.707104,1.000000;;
							}
								Frame frm-rarm {
									FrameTransformMatrix {
										-0.121672,0.089154,-0.988548,0.000000,
										-0.042499,-0.995512,-0.084550,0.000000,
										-0.991616,0.031725,0.124951,0.000000,
										1.364738,-1.619329,-1.399300,1.000000;;
									}
									SI_FrameBasePoseMatrix {
										-0.065532,0.139102,-0.988100,0.000000,
										-0.438643,-0.893437,-0.096668,0.000000,
										-0.896220,0.427108,0.119598,0.000000,
										1.068871,-1.619328,-1.399300,1.000000;;
									}
										Frame frm-rarm2 {
											FrameTransformMatrix {
												-0.693629,0.265816,-0.669493,0.000000,
												0.005175,0.931237,0.364378,0.000000,
												0.720314,0.249278,-0.647308,0.000000,
												-0.000000,1.616064,0.000000,1.000000;;
											}
											SI_FrameBasePoseMatrix {
												-0.663067,0.643793,-0.381934,0.000000,
												-0.164875,0.372091,0.913436,0.000000,
												0.730177,0.668640,-0.140576,0.000000,
												-0.000000,1.616061,0.000001,1.000000;;
											}
												Frame frm-hp_dock_h {
													FrameTransformMatrix {
														0.579596,-0.038350,-0.814002,0.000000,
														-0.347698,-0.915042,-0.204462,0.000000,
														-0.737004,0.401531,-0.543689,0.000000,
														-1.552961,0.275085,-2.271262,1.000000;;
													}
													SI_FrameBasePoseMatrix {
														0.562563,0.201990,-0.801701,0.000000,
														-0.817247,-0.010770,-0.576187,0.000000,
														-0.125018,0.979329,0.159017,0.000000,
														-0.133573,1.884814,-0.705916,1.000000;;
													}
												}
										}
								}
						}
						Frame frm-link_larm {
							FrameTransformMatrix {
								0.000003,-1.000000,0.000001,0.000000,
								1.000000,0.000003,-0.000002,0.000000,
								0.000002,0.000001,1.000000,0.000000,
								6.068272,-0.707109,0.707111,1.000000;;
							}
							SI_FrameBasePoseMatrix {
								0.000003,-1.000000,0.000001,0.000000,
								1.000000,0.000003,-0.000002,0.000000,
								0.000002,0.000001,1.000000,0.000000,
								6.068272,-0.707109,0.707111,1.000000;;
							}
								Frame frm-larm {
									FrameTransformMatrix {
										0.105612,-0.104207,-0.988936,0.000000,
										-0.033565,-0.994301,0.101186,0.000000,
										-0.993874,0.022514,-0.108490,0.000000,
										-0.030740,-1.637795,1.432297,1.000000;;
									}
									SI_FrameBasePoseMatrix {
										0.274542,-0.282041,-0.919291,0.000000,
										-0.870227,-0.479629,-0.112709,0.000000,
										-0.409144,0.830909,-0.377099,0.000000,
										-0.502382,-1.762252,1.410960,1.000000;;
									}
										Frame frm-larm2 {
											FrameTransformMatrix {
												-0.991719,0.101511,-0.078674,0.000000,
												0.061740,0.913981,0.401031,0.000000,
												0.112616,0.392853,-0.912680,0.000000,
												-0.000000,1.624438,-0.000000,1.000000;;
											}
											SI_FrameBasePoseMatrix {
												-0.712863,0.490970,0.500774,0.000000,
												0.694322,0.594595,0.405429,0.000000,
												-0.098705,0.636714,-0.764756,0.000000,
												-0.000001,1.624437,-0.000001,1.000000;;
											}
										}
								}
						}
						Frame frm-hp_dock_p {
							FrameTransformMatrix {
								0.000000,-0.000004,1.000000,0.000000,
								0.995112,0.098756,-0.000000,0.000000,
								-0.098756,0.995112,0.000004,0.000000,
								3.346465,-2.000164,0.048107,1.000000;;
							}
							SI_FrameBasePoseMatrix {
								0.000000,-0.000004,1.000000,0.000000,
								0.995112,0.098756,-0.000000,0.000000,
								-0.098756,0.995112,0.000004,0.000000,
								3.346465,-2.000164,0.048107,1.000000;;
							}
						}
				}
				Frame frm-eyebone {
					FrameTransformMatrix {
						-0.000001,1.000000,-0.000000,0.000000,
						-1.000000,-0.000001,-0.000000,0.000000,
						-0.000000,0.000000,1.000000,0.000000,
						0.000000,-0.000000,-0.000000,1.000000;;
					}
					SI_FrameBasePoseMatrix {
						-0.000001,1.000000,-0.000000,0.000000,
						-1.000000,-0.000001,-0.000000,0.000000,
						-0.000000,0.000000,1.000000,0.000000,
						0.000000,-0.000000,-0.000000,1.000000;;
					}
						Frame frm-link_eyepoint {
							FrameTransformMatrix {
								1.000000,0.000000,0.000000,0.000000,
								0.000000,1.000000,0.000000,0.000000,
								-0.000000,-0.000000,1.000000,0.000000,
								6.069765,-0.000011,0.000003,1.000000;;
							}
							SI_FrameBasePoseMatrix {
								1.000000,0.000000,0.000000,0.000000,
								0.000000,1.000000,0.000000,0.000000,
								-0.000000,-0.000000,1.000000,0.000000,
								6.069765,-0.000011,0.000003,1.000000;;
							}
								Frame frm-hp_eyepoint_1 {
									FrameTransformMatrix {
										-0.000001,-0.000002,1.000000,0.000000,
										1.000000,-0.000003,0.000000,0.000000,
										0.000003,1.000000,0.000002,0.000000,
										0.000000,-0.873371,-0.000000,1.000000;;
									}
									SI_FrameBasePoseMatrix {
										-0.000001,-0.000002,1.000000,0.000000,
										1.000000,-0.000003,0.000000,0.000000,
										0.000003,1.000000,0.000002,0.000000,
										0.000000,-0.873371,-0.000000,1.000000;;
									}
										Frame frm-hp_hand_1 {
											FrameTransformMatrix {
												1.000000,-0.000000,0.000000,0.000000,
												-0.000000,1.000000,-0.000001,0.000000,
												-0.000000,0.000001,1.000000,0.000000,
												-0.883346,-1.070447,2.532005,1.000000;;
											}
											SI_FrameBasePoseMatrix {
												1.000000,-0.000000,0.000000,0.000000,
												-0.000000,1.000000,-0.000001,0.000000,
												-0.000000,0.000001,1.000000,0.000000,
												-0.883346,-1.070447,2.532005,1.000000;;
											}
										}
										Frame frm-hp_pack_1 {
											FrameTransformMatrix {
												1.000000,-0.000000,0.000000,0.000000,
												-0.000000,1.000000,-0.000001,0.000000,
												-0.000000,0.000001,1.000000,0.000000,
												-0.883346,-1.070447,2.532005,1.000000;;
											}
											SI_FrameBasePoseMatrix {
												1.000000,-0.000000,0.000000,0.000000,
												-0.000000,1.000000,-0.000001,0.000000,
												-0.000000,0.000001,1.000000,0.000000,
												-0.883346,-1.070447,2.532005,1.000000;;
											}
										}
								}
						}
				}
		}
		Frame frm-rleg {
			FrameTransformMatrix {
				-0.000000,0.110799,0.993843,0.000000,
				-0.000000,-0.993843,0.110799,0.000000,
				0.999992,-0.000001,0.000000,0.000000,
				-1.129830,8.248293,-0.063342,1.000000;;
			}
			SI_FrameBasePoseMatrix {
				-0.000000,0.110799,0.993843,0.000000,
				-0.000000,-0.993843,0.110799,0.000000,
				0.999992,-0.000001,0.000000,0.000000,
				-1.229831,8.248293,-0.063342,1.000000;;
			}
				Frame frm-rcalf {
					FrameTransformMatrix {
						-0.000000,-0.000000,1.000000,0.000000,
						-0.237117,0.971481,0.000000,0.000000,
						-0.971481,-0.237117,-0.000000,0.000000,
						0.000000,3.839259,0.000000,1.000000;;
					}
					SI_FrameBasePoseMatrix {
						0.172579,0.019239,0.984808,0.000000,
						-0.235184,0.971697,0.022231,0.000000,
						-0.956507,-0.235448,0.172219,0.000000,
						-0.000000,3.839259,0.000000,1.000000;;
					}
						Frame frm-rfoot {
							FrameTransformMatrix {
								1.000000,-0.000001,-0.000001,0.000000,
								-0.000001,-0.128019,-0.991772,0.000000,
								0.000000,0.991772,-0.128019,0.000000,
								-0.000000,4.222519,-0.000000,1.000000;;
							}
							SI_FrameBasePoseMatrix {
								1.000000,-0.000001,-0.000001,0.000000,
								-0.000001,-0.128019,-0.991772,0.000000,
								0.000000,0.991772,-0.128019,0.000000,
								-0.000000,4.222520,0.000000,1.000000;;
							}
								Frame frm-rtoes {
									FrameTransformMatrix {
										1.000000,0.000000,0.000000,0.000000,
										-0.000000,1.000000,0.000000,0.000000,
										-0.000000,-0.000000,1.000000,0.000000,
										-0.000000,1.155475,-0.000000,1.000000;;
									}
									SI_FrameBasePoseMatrix {
										1.000000,0.000000,0.000000,0.000000,
										-0.000000,1.000000,0.000000,0.000000,
										-0.000000,-0.000000,1.000000,0.000000,
										0.000000,1.155475,-0.000000,1.000000;;
									}
								}
						}
				}
		}
		Frame frm-lleg {
			FrameTransformMatrix {
				-0.000000,0.110799,0.993843,0.000000,
				-0.000000,-0.993843,0.110799,0.000000,
				1.000012,0.000001,0.000000,0.000000,
				1.129831,8.248293,-0.063339,1.000000;;
			}
			SI_FrameBasePoseMatrix {
				-0.000000,0.110799,0.993843,0.000000,
				-0.000000,-0.993843,0.110799,0.000000,
				1.000012,0.000001,0.000000,0.000000,
				1.329831,8.248293,-0.063338,1.000000;;
			}
				Frame frm-lcalf {
					FrameTransformMatrix {
						0.000000,-0.000000,1.000000,0.000000,
						-0.237117,0.971481,0.000000,0.000000,
						-0.971481,-0.237117,0.000000,0.000000,
						-0.000000,3.839257,0.000000,1.000000;;
					}
					SI_FrameBasePoseMatrix {
						-0.172579,-0.019240,0.984808,0.000000,
						-0.235184,0.971696,-0.022230,0.000000,
						-0.956506,-0.235448,-0.172219,0.000000,
						0.000000,3.839257,-0.000000,1.000000;;
					}
						Frame frm-lfoot {
							FrameTransformMatrix {
								1.000000,-0.000001,-0.000001,0.000000,
								-0.000001,-0.128019,-0.991772,0.000000,
								0.000000,0.991772,-0.128019,0.000000,
								-0.000000,4.222518,-0.000000,1.000000;;
							}
							SI_FrameBasePoseMatrix {
								1.000000,-0.000001,-0.000001,0.000000,
								-0.000001,-0.128019,-0.991772,0.000000,
								0.000001,0.991772,-0.128019,0.000000,
								-0.000000,4.222518,0.000000,1.000000;;
							}
								Frame frm-ltoes {
									FrameTransformMatrix {
										1.000000,0.000000,0.000000,0.000000,
										-0.000000,1.000000,0.000000,0.000000,
										-0.000000,-0.000000,1.000000,0.000000,
										-0.000000,1.155474,0.000000,1.000000;;
									}
									SI_FrameBasePoseMatrix {
										1.000000,0.000000,0.000000,0.000000,
										-0.000000,1.000000,0.000000,0.000000,
										-0.000000,-0.000000,1.000000,0.000000,
										0.000000,1.155474,0.000000,1.000000;;
									}
								}
						}
				}
		}
}

AnimationSet {
	Animation anim-root_bone {
		{frm-root_bone}
		SI_AnimationKey {
			2;
			8;
			1;3;0.000000,8.805256,0.176256;;,
			13;3;0.000000,6.647474,0.176258;;,
			21;3;0.000004,5.036159,-2.482690;;,
			24;3;-0.019027,4.160631,-2.454260;;,
			28;3;-0.072299,2.906062,-2.437237;;,
			30;3;0.000004,2.098437,-2.494926;;,
			31;3;0.000004,2.098437,-2.494926;;,
			32;3;0.000004,2.098437,-2.494926;;;
		}
		SI_AnimationKey {
			0;
			8;
			1;4;0.707107,0.000000,-0.707106,0.000000;;,
			13;4;0.707065,-0.007729,-0.707064,-0.007729;;,
			21;4;0.689672,0.156053,-0.689672,0.156053;;,
			24;4;0.705675,0.298088,-0.573527,0.290230;;,
			28;4;0.636419,0.477314,-0.424828,0.432045;;,
			30;4;0.516586,0.482844,-0.516585,0.482845;;,
			31;4;0.528327,0.471615,-0.504571,0.493819;;,
			32;4;0.537556,0.462414,-0.494727,0.502446;;;
		}
	}
	Animation anim-head {
		{frm-head}
		SI_AnimationKey {
			2;
			6;
			1;3;-0.000000,-0.000000,-0.000000;;,
			13;3;0.000000,-0.000001,-0.000000;;,
			21;3;0.433280,-0.110195,0.126542;;,
			30;3;0.433280,-0.110198,0.126542;;,
			31;3;0.186300,0.006827,0.113171;;,
			32;3;0.433280,-0.110197,0.126542;;;
		}
		SI_AnimationKey {
			0;
			6;
			1;4;0.382683,0.000000,0.923880,0.000000;;,
			13;4;0.382660,-0.010099,0.923825,-0.004183;;,
			21;4;0.161692,0.290435,0.942194,0.042108;;,
			30;4;0.161692,0.290435,0.942194,0.042108;;,
			31;4;0.182123,0.205862,0.960063,0.052262;;,
			32;4;0.170931,0.283380,0.940095,0.081852;;;
		}
	}
	Animation anim-rarm {
		{frm-rarm}
		SI_AnimationKey {
			2;
			6;
			1;3;1.068871,-1.619328,-1.399300;;,
			13;3;1.068871,-1.619328,-1.399300;;,
			21;3;1.017176,-1.644447,-1.470617;;,
			30;3;1.017177,-1.644448,-1.470617;;,
			31;3;1.017176,-1.644446,-1.470617;;,
			32;3;1.017176,-1.644448,-1.470616;;;
		}
		SI_AnimationKey {
			0;
			6;
			1;4;0.200337,0.653519,-0.114600,-0.720864;;,
			13;4;0.111114,-0.819703,-0.165729,0.536913;;,
			21;4;0.130868,-0.842216,-0.174522,0.493039;;,
			30;4;0.130868,-0.842216,-0.174522,0.493039;;,
			31;4;0.111775,-0.845764,-0.185578,0.487598;;,
			32;4;0.096393,-0.848290,-0.194386,0.483040;;;
		}
	}
	Animation anim-rarm2 {
		{frm-rarm2}
		SI_AnimationKey {
			2;
			6;
			1;3;-0.000000,1.616061,0.000001;;,
			13;3;-0.000000,1.616061,0.000000;;,
			21;3;0.000000,1.616062,0.000000;;,
			30;3;-0.000000,1.616062,-0.000000;;,
			31;3;0.000000,1.616063,0.000000;;,
			32;3;-0.000000,1.616061,0.000000;;;
		}
		SI_AnimationKey {
			0;
			6;
			1;4;0.376978,-0.162341,-0.737518,-0.536283;;,
			13;4;0.842205,-0.248248,-0.085471,-0.470912;;,
			21;4;0.842205,-0.248248,-0.085471,-0.470912;;,
			30;4;0.842205,-0.248248,-0.085471,-0.470912;;,
			31;4;0.846708,-0.263435,-0.085714,-0.454247;;,
			32;4;0.850001,-0.275534,-0.085877,-0.440686;;;
		}
	}
	Animation anim-hp_dock_h {
		{frm-hp_dock_h}
		SI_AnimationKey {
			2;
			25;
			1;3;-0.133573,1.884814,-0.705916;;,
			6;3;5.358307,5.432658,-0.691415;;,
			10;3;4.274641,10.132815,-0.456484;;,
			11;3;3.321300,10.304647,-0.334919;;,
			12;3;2.889604,10.448513,-0.003284;;,
			13;3;2.798519,10.314143,-0.016680;;,
			14;3;2.646929,10.162374,-0.009070;;,
			15;3;2.603666,10.125113,-0.003436;;,
			16;3;2.373029,9.970940,0.047093;;,
			17;3;2.280597,9.940916,0.087985;;,
			18;3;2.201487,9.950932,0.143002;;,
			19;3;2.379969,10.157052,0.148951;;,
			20;3;2.435451,10.910891,0.195140;;,
			21;3;3.066458,10.618008,-0.016296;;,
			22;3;3.066458,10.618008,-0.016296;;,
			23;3;3.532781,10.248260,-1.732535;;,
			24;3;4.040981,9.732896,-2.555700;;,
			25;3;4.385976,9.147602,-3.130748;;,
			26;3;4.720715,8.463840,-3.646412;;,
			27;3;4.915733,7.850689,-4.002819;;,
			28;3;4.922581,7.478543,-4.175512;;,
			29;3;4.841781,7.583074,-3.778926;;,
			30;3;4.792925,7.786560,-3.339999;;,
			31;3;3.927872,7.921479,-4.209819;;,
			32;3;3.187859,7.932854,-4.873924;;;
		}
		SI_AnimationKey {
			0;
			25;
			1;4;0.653990,0.594625,-0.258675,-0.389623;;,
			6;4;0.653990,0.594625,-0.258675,-0.389623;;,
			10;4;0.636802,0.604717,-0.162681,-0.449816;;,
			11;4;0.785936,0.464385,0.030225,-0.407109;;,
			12;4;0.851346,0.389423,0.090075,-0.339773;;,
			13;4;0.851346,0.389423,0.090075,-0.339773;;,
			14;4;0.851346,0.389423,0.090075,-0.339773;;,
			15;4;0.851346,0.389423,0.090075,-0.339773;;,
			16;4;0.851346,0.389423,0.090075,-0.339773;;,
			17;4;0.851346,0.389423,0.090075,-0.339773;;,
			18;4;0.851346,0.389423,0.090075,-0.339773;;,
			19;4;0.851346,0.389423,0.090075,-0.339773;;,
			20;4;0.870013,0.407854,-0.080185,-0.265147;;,
			21;4;0.840766,0.452576,-0.002165,-0.297124;;,
			22;4;0.858497,0.446376,-0.073668,-0.241465;;,
			23;4;0.849388,0.477799,-0.171903,-0.143868;;,
			24;4;0.718801,0.647192,-0.148494,-0.205955;;,
			25;4;0.674698,0.674253,-0.251136,-0.164611;;,
			26;4;0.632550,0.706230,-0.296802,-0.114143;;,
			27;4;0.583691,0.718316,-0.371312,-0.073861;;,
			28;4;0.620514,0.675250,-0.396735,-0.040013;;,
			29;4;0.678433,0.605058,-0.413765,-0.049325;;,
			30;4;0.692502,0.535359,-0.483478,-0.008956;;,
			31;4;0.653913,0.563430,-0.496669,-0.090908;;,
			32;4;0.601628,0.642041,-0.465369,-0.096227;;;
		}
	}
	Animation anim-larm {
		{frm-larm}
		SI_AnimationKey {
			2;
			6;
			1;3;-0.502382,-1.762252,1.410960;;,
			13;3;-0.502382,-1.762252,1.410960;;,
			21;3;-0.489650,-1.778195,1.074989;;,
			30;3;-0.489650,-1.778196,1.074989;;,
			31;3;-0.489650,-1.778196,1.074989;;,
			32;3;-0.489650,-1.778197,1.074990;;;
		}
		SI_AnimationKey {
			0;
			6;
			1;4;0.323173,0.729945,-0.394633,-0.454977;;,
			13;4;0.397835,-0.201176,-0.012433,0.895042;;,
			21;4;0.209112,0.837432,-0.442270,-0.243673;;,
			30;4;0.209112,0.837432,-0.442271,-0.243673;;,
			31;4;0.228955,0.832790,-0.436241,-0.252455;;,
			32;4;0.244806,0.828743,-0.431230,-0.259414;;;
		}
	}
	Animation anim-larm2 {
		{frm-larm2}
		SI_AnimationKey {
			2;
			6;
			1;3;-0.000001,1.624437,-0.000001;;,
			13;3;-0.000000,1.624437,-0.000000;;,
			21;3;0.000000,1.624437,-0.000001;;,
			30;3;0.000000,1.624437,-0.000001;;,
			31;3;-0.000000,1.624437,0.000000;;,
			32;3;-0.000000,1.624437,-0.000000;;;
		}
		SI_AnimationKey {
			0;
			6;
			1;4;0.171009,0.338119,0.876387,0.297284;;,
			13;4;0.157603,0.168208,0.971599,0.053514;;,
			21;4;0.277492,0.533338,0.786109,0.143460;;,
			30;4;0.277492,0.533339,0.786109,0.143460;;,
			31;4;0.268522,0.531860,0.786088,0.164581;;,
			32;4;0.261213,0.530468,0.785771,0.181483;;;
		}
	}
	Animation anim-rleg {
		{frm-rleg}
		SI_AnimationKey {
			2;
			8;
			1;3;-1.229831,8.248293,-0.063342;;,
			13;3;-1.229831,6.090511,-0.063340;;,
			21;3;-1.229827,4.430962,-2.445937;;,
			24;3;-1.210796,3.505773,-2.538375;;,
			28;3;-1.157524,2.080297,-2.488339;;,
			30;3;-1.229827,1.502316,-2.384229;;,
			31;3;-1.229827,1.502316,-2.384229;;,
			32;3;-1.229827,1.502316,-2.384229;;;
		}
		SI_AnimationKey {
			0;
			8;
			1;4;0.039233,-0.706015,-0.039233,-0.706020;;,
			13;4;0.367359,-0.604191,-0.367358,-0.604192;;,
			21;4;0.498276,-0.501718,-0.498275,-0.501719;;,
			24;4;0.558913,-0.410992,-0.524009,-0.494081;;,
			28;4;0.557096,-0.332853,-0.549590,-0.526122;;,
			30;4;0.557480,-0.417070,-0.304728,-0.649931;;,
			31;4;0.564339,-0.402016,-0.291830,-0.659348;;,
			32;4;0.569633,-0.389770,-0.281357,-0.666661;;;
		}
	}
	Animation anim-rcalf {
		{frm-rcalf}
		SI_AnimationKey {
			2;
			6;
			1;3;-0.000000,3.839259,0.000000;;,
			13;3;-0.000000,3.839258,-0.000000;;,
			21;3;0.000000,3.839258,0.000000;;,
			30;3;-0.000000,3.839258,0.000000;;,
			31;3;-0.000000,3.839259,0.000000;;,
			32;3;0.000000,3.839258,0.000000;;;
		}
		SI_AnimationKey {
			0;
			6;
			1;4;0.761002,-0.084651,0.637750,-0.083582;;,
			13;4;0.600062,-0.410801,0.495110,-0.475431;;,
			21;4;0.585686,-0.425316,0.482698,-0.493032;;,
			30;4;0.799632,0.083167,0.582044,0.122053;;,
			31;4;0.800322,0.100759,0.581225,0.107286;;,
			32;4;0.800569,0.114853,0.580345,0.095382;;;
		}
	}
	Animation anim-rfoot {
		{frm-rfoot}
		SI_AnimationKey {
			2;
			6;
			1;3;-0.000000,4.222520,0.000000;;,
			13;3;0.000000,4.222520,-0.000000;;,
			21;3;0.002029,4.186909,-0.007004;;,
			30;3;0.002029,4.186909,-0.007004;;,
			31;3;0.002029,4.186910,-0.007003;;,
			32;3;0.002029,4.186909,-0.007004;;;
		}
		SI_AnimationKey {
			0;
			6;
			1;4;0.660296,0.751006,-0.000001,-0.000000;;,
			13;4;0.603906,0.796952,-0.008463,0.009625;;,
			21;4;0.752103,0.658648,0.015127,-0.017206;;,
			30;4;0.752103,0.658648,0.015127,-0.017206;;,
			31;4;0.747854,0.662326,0.031395,-0.032454;;,
			32;4;0.744155,0.665027,0.044451,-0.044690;;;
		}
	}
	Animation anim-rtoes {
		{frm-rtoes}
		SI_AnimationKey {
			2;
			6;
			1;3;0.000000,1.155475,-0.000000;;,
			13;3;-0.000000,1.155475,-0.000000;;,
			21;3;-0.000000,1.155475,-0.000000;;,
			30;3;0.000000,1.155475,-0.000000;;,
			31;3;0.000000,1.155475,0.000000;;,
			32;3;0.000000,1.155475,-0.000001;;;
		}
		SI_AnimationKey {
			0;
			6;
			1;4;1.000000,-0.000000,0.000000,-0.000000;;,
			13;4;0.999940,-0.010765,0.001898,-0.000000;;,
			21;4;0.999940,-0.010765,0.001898,-0.000000;;,
			30;4;0.999940,-0.010766,0.001898,-0.000000;;,
			31;4;0.999694,-0.005151,0.024166,-0.001132;;,
			32;4;0.999113,-0.000639,0.042044,-0.002041;;;
		}
	}
	Animation anim-lleg {
		{frm-lleg}
		SI_AnimationKey {
			2;
			7;
			1;3;1.329831,8.248293,-0.063338;;,
			13;3;1.329831,6.090511,-0.063337;;,
			21;3;1.329834,4.430962,-2.445933;;,
			25;3;1.329834,3.169730,-2.498095;;,
			30;3;1.329834,1.502317,-2.384225;;,
			31;3;1.329834,1.502317,-2.384225;;,
			32;3;1.329834,1.502317,-2.384225;;;
		}
		SI_AnimationKey {
			0;
			7;
			1;4;0.039233,-0.706022,-0.039233,-0.706013;;,
			13;4;0.167802,0.686907,-0.167801,0.686909;;,
			21;4;0.124718,-0.696023,-0.124718,-0.696020;;,
			25;4;0.068117,-0.498040,-0.592355,-0.629628;;,
			30;4;0.454225,-0.468308,-0.692910,-0.306989;;,
			31;4;0.470037,-0.461126,-0.682284,-0.317675;;,
			32;4;0.482558,-0.455180,-0.673486,-0.326138;;;
		}
	}
	Animation anim-lcalf {
		{frm-lcalf}
		SI_AnimationKey {
			2;
			15;
			1;3;0.000000,3.839257,-0.000000;;,
			13;3;-0.000000,3.839257,-0.000000;;,
			15;3;-0.000000,3.839257,-0.000000;;,
			16;3;-0.000000,3.839258,0.000000;;,
			17;3;-0.000000,3.839258,-0.000000;;,
			18;3;0.000000,3.839258,0.000000;;,
			20;3;0.000000,3.839257,-0.000000;;,
			21;3;0.000000,3.839258,0.000000;;,
			24;3;-0.000000,3.839258,-0.000000;;,
			26;3;-0.000000,3.839257,0.000000;;,
			28;3;0.000000,3.839257,0.000000;;,
			29;3;0.000000,3.839257,-0.000000;;,
			30;3;0.000000,3.839258,0.000000;;,
			31;3;0.000000,3.839258,-0.000000;;,
			32;3;0.000000,3.839258,-0.000000;;;
		}
		SI_AnimationKey {
			0;
			15;
			1;4;0.637750,-0.083582,0.761002,-0.084651;;,
			13;4;0.519867,-0.436915,0.628661,-0.378983;;,
			15;4;0.540931,-0.399712,0.653094,-0.347983;;,
			16;4;0.508508,-0.455162,0.615727,-0.393862;;,
			17;4;0.458029,-0.525180,0.557179,-0.451605;;,
			18;4;0.409890,-0.578939,0.501048,-0.495752;;,
			20;4;0.352890,-0.630491,0.434290,-0.537905;;,
			21;4;0.334938,-0.644481,0.413225,-0.549278;;,
			24;4;0.479516,-0.670983,0.117421,-0.553226;;,
			26;4;0.617185,-0.699903,0.134571,-0.333330;;,
			28;4;0.836782,-0.491721,0.220976,-0.095792;;,
			29;4;0.887390,-0.298529,0.349484,0.035789;;,
			30;4;0.639877,-0.411025,0.641859,-0.098146;;,
			31;4;0.642974,-0.396424,0.645081,-0.115338;;,
			32;4;0.645215,-0.384543,0.647423,-0.129104;;;
		}
	}
	Animation anim-lfoot {
		{frm-lfoot}
		SI_AnimationKey {
			2;
			8;
			1;3;-0.000000,4.222518,0.000000;;,
			5;3;0.049878,4.033383,0.309632;;,
			8;3;-0.026982,3.936054,-0.117315;;,
			13;3;-0.000000,4.222518,0.000000;;,
			21;3;-0.000000,4.222518,0.000000;;,
			30;3;-0.101228,4.208419,1.215071;;,
			31;3;-0.101228,4.208419,1.215072;;,
			32;3;-0.101228,4.208419,1.215072;;;
		}
		SI_AnimationKey {
			0;
			8;
			1;4;0.660296,0.751006,-0.000001,-0.000000;;,
			5;4;0.514663,0.856810,0.020867,-0.023735;;,
			8;4;0.351987,0.933941,0.041021,-0.046657;;,
			13;4;0.787615,0.615301,-0.021566,0.024527;;,
			21;4;0.868609,0.492125,-0.038117,0.043352;;,
			30;4;0.979299,0.202022,-0.001850,0.012515;;,
			31;4;0.979313,0.202013,-0.005779,-0.010141;;,
			32;4;0.978949,0.201929,-0.008933,-0.028336;;;
		}
	}
	Animation anim-ltoes {
		{frm-ltoes}
		SI_AnimationKey {
			2;
			7;
			1;3;0.000000,1.155474,0.000000;;,
			8;3;0.000000,1.155473,0.000000;;,
			13;3;0.000000,1.155473,0.000000;;,
			21;3;-0.000000,1.155474,0.000001;;,
			30;3;-0.000000,1.155473,-0.000000;;,
			31;3;-0.000000,1.155474,0.000000;;,
			32;3;0.000000,1.155473,0.000000;;;
		}
		SI_AnimationKey {
			0;
			7;
			1;4;1.000000,-0.000000,0.000000,-0.000000;;,
			8;4;0.956756,0.286473,0.050513,0.000000;;,
			13;4;0.960189,-0.275107,-0.048509,-0.000000;;,
			21;4;0.778588,-0.618002,-0.108970,-0.000001;;,
			30;4;0.997184,0.010740,0.073824,0.007639;;,
			31;4;0.997042,0.009115,0.074778,-0.015277;;,
			32;4;0.996545,0.007805,0.075517,-0.033680;;;
		}
	}
}

SI_EnvelopeList {
	14;
	SI_Envelope {
		"frm-bodymesh";
		"frm-rarm";
		10;
		102;0.274974;,
		105;23.460585;,
		106;100.000000;,
		107;98.021072;,
		108;73.907483;,
		109;100.000000;,
		110;99.999982;,
		114;100.000000;,
		115;100.000000;,
		116;100.000000;;
	}
	SI_Envelope {
		"frm-bodymesh";
		"frm-larm";
		9;
		267;84.921104;,
		268;74.466854;,
		269;99.061126;,
		270;84.616107;,
		271;99.997789;,
		272;90.129185;,
		278;99.536693;,
		279;99.999994;,
		280;99.997020;;
	}
	SI_Envelope {
		"frm-bodymesh";
		"frm-larm2";
		23;
		281;92.704648;,
		282;99.999726;,
		283;99.963838;,
		284;99.994951;,
		285;100.000000;,
		286;99.999356;,
		287;99.995846;,
		288;100.000000;,
		289;100.000000;,
		290;100.000000;,
		291;99.999267;,
		292;100.000000;,
		293;100.000000;,
		294;100.000000;,
		295;95.789200;,
		296;100.000000;,
		297;100.000000;,
		298;100.000000;,
		299;100.000000;,
		300;99.699569;,
		301;100.000000;,
		302;100.000000;,
		303;100.000000;;
	}
	SI_Envelope {
		"frm-bodymesh";
		"frm-rcalf";
		34;
		35;0.000340;,
		36;0.000000;,
		49;100.000000;,
		51;25.000000;,
		52;25.000000;,
		53;24.999994;,
		54;24.999851;,
		55;24.771170;,
		56;24.771166;,
		57;25.000000;,
		58;24.997272;,
		59;99.930632;,
		60;100.000000;,
		61;99.999964;,
		62;99.999940;,
		63;99.999994;,
		64;99.999994;,
		65;100.000000;,
		66;99.999875;,
		67;24.999994;,
		68;99.998844;,
		69;100.000000;,
		70;100.000000;,
		71;100.000000;,
		72;100.000000;,
		73;99.733812;,
		74;99.999988;,
		76;24.999982;,
		77;25.226045;,
		78;25.032091;,
		79;24.999687;,
		80;24.999690;,
		81;24.999976;,
		82;25.665915;;
	}
	SI_Envelope {
		"frm-bodymesh";
		"frm-lcalf";
		32;
		202;99.998480;,
		204;25.000000;,
		205;25.000000;,
		206;24.999988;,
		207;24.999845;,
		208;24.999999;,
		209;25.000000;,
		210;25.000000;,
		211;24.999163;,
		212;99.999988;,
		213;99.999672;,
		214;99.999940;,
		215;99.999958;,
		216;99.999952;,
		217;99.999946;,
		218;99.993551;,
		219;99.999821;,
		220;25.007451;,
		221;99.999988;,
		222;99.999869;,
		223;99.999052;,
		224;99.999994;,
		225;100.000000;,
		226;99.999988;,
		227;99.993342;,
		229;25.000095;,
		230;24.999958;,
		231;25.009561;,
		232;25.001174;,
		233;24.999958;,
		234;25.000870;,
		235;25.000268;;
	}
	SI_Envelope {
		"frm-bodymesh";
		"frm-head";
		63;
		0;99.969351;,
		1;99.834883;,
		2;100.000000;,
		3;99.999994;,
		4;100.000000;,
		5;100.000000;,
		6;99.999994;,
		7;99.999988;,
		8;99.999994;,
		9;99.999994;,
		10;11.076713;,
		11;99.946553;,
		12;99.999994;,
		13;100.000000;,
		14;99.999362;,
		15;100.000000;,
		16;99.999994;,
		17;100.000000;,
		18;100.000000;,
		19;99.999994;,
		20;100.000000;,
		21;99.999994;,
		22;99.999994;,
		23;99.999994;,
		24;100.000000;,
		140;1.419741;,
		141;99.983561;,
		142;99.906045;,
		143;99.982625;,
		144;100.000000;,
		145;100.000000;,
		146;100.000000;,
		147;100.000000;,
		148;99.999994;,
		149;100.000000;,
		150;100.000000;,
		151;100.000000;,
		152;100.000000;,
		153;100.000000;,
		154;99.999994;,
		155;99.999976;,
		156;14.678419;,
		157;99.970710;,
		158;99.999994;,
		159;100.000000;,
		160;99.999875;,
		161;100.000000;,
		162;4.407084;,
		163;99.858224;,
		164;99.999887;,
		165;99.999994;,
		166;100.000000;,
		167;100.000000;,
		168;99.999994;,
		169;99.999994;,
		170;99.999994;,
		171;100.000000;,
		172;100.000000;,
		173;100.000000;,
		174;100.000000;,
		175;100.000000;,
		176;99.997234;,
		177;99.956661;;
	}
	SI_Envelope {
		"frm-bodymesh";
		"frm-rfoot";
		32;
		25;98.948151;,
		26;99.998254;,
		27;100.000000;,
		28;99.999911;,
		29;99.999285;,
		30;100.000000;,
		31;100.000000;,
		32;99.557382;,
		33;100.000000;,
		34;99.999976;,
		35;99.999666;,
		36;100.000000;,
		37;50.000000;,
		38;50.000006;,
		39;50.000000;,
		40;0.000006;,
		41;50.000000;,
		42;50.003552;,
		43;50.000000;,
		45;97.777086;,
		46;99.998891;,
		47;100.000000;,
		48;99.935514;,
		50;99.999976;,
		51;75.000006;,
		52;75.000000;,
		53;75.000006;,
		54;75.000149;,
		55;75.228834;,
		56;75.228840;,
		57;75.000006;,
		58;75.002730;;
	}
	SI_Envelope {
		"frm-bodymesh";
		"frm-torso";
		152;
		0;0.030649;,
		1;0.165117;,
		3;0.000006;,
		6;0.000006;,
		7;0.000012;,
		8;0.000006;,
		9;0.000006;,
		10;88.923287;,
		11;0.053447;,
		12;0.000006;,
		14;0.000638;,
		16;0.000006;,
		19;0.000006;,
		21;0.000006;,
		22;0.000006;,
		23;0.000006;,
		59;0.069368;,
		67;0.000012;,
		73;0.266188;,
		74;0.000012;,
		75;0.000197;,
		76;0.000024;,
		77;0.001227;,
		78;0.015892;,
		79;0.000321;,
		80;0.000318;,
		81;0.000024;,
		82;0.081147;,
		84;4.485595;,
		85;0.000006;,
		88;0.000054;,
		89;7.528812;,
		90;50.005382;,
		91;50.456178;,
		92;50.169361;,
		93;57.025439;,
		94;50.000584;,
		95;87.368309;,
		96;84.497696;,
		97;91.083407;,
		98;79.398495;,
		99;84.955233;,
		100;100.000000;,
		101;100.000000;,
		102;99.725026;,
		103;100.000000;,
		104;100.000000;,
		105;76.539415;,
		107;1.978922;,
		108;26.092517;,
		110;0.000018;,
		111;100.000000;,
		112;100.000000;,
		113;100.000000;,
		117;0.068456;,
		118;4.879111;,
		120;0.403988;,
		121;0.031787;,
		122;0.848019;,
		123;0.990397;,
		126;0.000006;,
		128;0.000006;,
		130;0.000006;,
		131;0.081682;,
		136;0.000006;,
		139;0.000006;,
		140;98.580259;,
		141;0.016439;,
		142;0.093949;,
		143;0.017369;,
		148;0.000006;,
		154;0.000006;,
		155;0.000024;,
		156;85.321581;,
		157;0.029290;,
		158;0.000006;,
		160;0.000131;,
		162;95.592916;,
		163;0.141776;,
		164;0.000113;,
		165;0.000006;,
		168;0.000006;,
		169;0.000006;,
		170;0.000006;,
		176;0.002766;,
		177;0.043339;,
		212;0.000012;,
		220;0.000054;,
		221;0.000012;,
		222;0.000137;,
		223;0.000954;,
		224;0.000012;,
		226;0.000012;,
		227;0.006658;,
		228;0.022697;,
		229;0.000042;,
		230;0.000048;,
		231;0.000067;,
		232;0.000048;,
		233;0.000048;,
		234;0.000048;,
		235;0.000148;,
		238;5.461388;,
		239;0.000834;,
		242;0.152236;,
		243;50.000107;,
		244;50.107038;,
		245;33.001876;,
		246;56.133276;,
		247;50.001705;,
		248;57.366252;,
		249;50.053406;,
		250;33.083630;,
		251;91.297132;,
		252;80.747384;,
		253;91.429049;,
		254;90.706009;,
		255;98.910493;,
		256;75.349975;,
		257;99.205548;,
		258;100.000000;,
		259;100.000000;,
		260;100.000000;,
		261;100.000000;,
		262;100.000000;,
		263;100.000000;,
		264;100.000000;,
		265;100.000000;,
		266;100.000000;,
		267;15.078904;,
		268;25.533140;,
		269;0.938869;,
		270;15.383892;,
		271;0.002211;,
		272;9.870809;,
		273;100.000000;,
		274;100.000000;,
		275;100.000000;,
		276;100.000000;,
		277;100.000000;,
		278;0.463301;,
		279;0.000006;,
		280;0.002980;,
		281;7.295352;,
		282;0.000274;,
		283;0.036156;,
		284;0.005049;,
		286;0.000644;,
		287;0.004154;,
		291;0.000733;,
		295;4.210800;,
		300;0.300431;;
	}
	SI_Envelope {
		"frm-bodymesh";
		"frm-lleg";
		30;
		220;74.992496;,
		228;99.977297;,
		229;74.999869;,
		230;75.000000;,
		231;74.990374;,
		232;74.998784;,
		233;75.000000;,
		234;74.999082;,
		235;74.999583;,
		236;100.000000;,
		237;100.000000;,
		238;94.538605;,
		239;99.999166;,
		240;100.000000;,
		241;100.000000;,
		242;99.847764;,
		243;49.999893;,
		244;49.892959;,
		245;33.491516;,
		246;20.718192;,
		247;49.998295;,
		248;42.633745;,
		249;49.946594;,
		250;33.333525;,
		251;8.702860;,
		252;19.252618;,
		253;8.495834;,
		255;1.089505;,
		256;24.650022;,
		257;0.794453;;
	}
	SI_Envelope {
		"frm-bodymesh";
		"frm-lfoot";
		31;
		178;99.999958;,
		179;100.000000;,
		180;100.000000;,
		181;99.998689;,
		182;100.000000;,
		183;99.999917;,
		184;100.000000;,
		185;100.000000;,
		186;99.999952;,
		187;99.999833;,
		188;99.999994;,
		189;99.999988;,
		190;50.000006;,
		191;56.359613;,
		192;50.000000;,
		194;50.000000;,
		195;52.675796;,
		196;51.459539;,
		198;100.000000;,
		199;100.000000;,
		200;99.748468;,
		201;99.999887;,
		203;99.999833;,
		204;75.000006;,
		205;75.000000;,
		206;75.000012;,
		207;75.000149;,
		208;75.000006;,
		209;75.000006;,
		210;75.000006;,
		211;75.000834;;
	}
	SI_Envelope {
		"frm-bodymesh";
		"frm-rleg";
		31;
		67;74.999994;,
		75;99.999803;,
		76;75.000000;,
		77;74.772727;,
		78;74.952018;,
		79;74.999994;,
		80;74.999994;,
		81;75.000000;,
		82;74.252939;,
		83;100.000000;,
		84;95.514405;,
		85;99.999994;,
		86;100.000000;,
		87;100.000000;,
		88;99.999946;,
		89;92.471188;,
		90;49.994618;,
		91;49.543822;,
		92;49.830639;,
		93;42.974561;,
		94;49.999419;,
		95;12.631695;,
		96;15.502313;,
		97;8.916595;,
		98;20.601514;,
		99;15.044768;,
		245;33.506608;,
		246;23.148537;,
		250;33.582845;,
		253;0.075114;,
		254;9.293989;;
	}
	SI_Envelope {
		"frm-bodymesh";
		"frm-rtoes";
		8;
		37;50.000000;,
		38;49.999994;,
		39;50.000000;,
		40;100.000000;,
		41;50.000000;,
		42;49.996454;,
		43;50.000000;,
		44;100.000000;;
	}
	SI_Envelope {
		"frm-bodymesh";
		"frm-ltoes";
		8;
		190;50.000000;,
		191;43.640390;,
		192;50.000000;,
		193;100.000000;,
		194;50.000000;,
		195;47.324207;,
		196;48.540461;,
		197;100.000000;;
	}
	SI_Envelope {
		"frm-bodymesh";
		"frm-rarm2";
		23;
		117;99.931538;,
		118;95.120889;,
		119;100.000000;,
		120;99.596006;,
		121;99.968207;,
		122;99.151981;,
		123;99.009603;,
		124;100.000000;,
		125;100.000000;,
		126;99.999994;,
		127;100.000000;,
		128;99.999994;,
		129;100.000000;,
		130;99.999994;,
		131;99.918318;,
		132;100.000000;,
		133;100.000000;,
		134;100.000000;,
		135;100.000000;,
		136;99.999994;,
		137;100.000000;,
		138;100.000000;,
		139;99.999994;;
	}
}
