xsi 0101txt 0032

SI_CoordinateSystem coord {
	1;
	0;
	1;
	0;
	2;
	5;
}

Frame frm-hp_bones {
	FrameTransformMatrix {
		1.000000,0.000002,0.000000,0.000000,
		-0.000002,1.000000,-0.000001,0.000000,
		-0.000000,0.000001,1.000000,0.000000,
		0.000000,0.000000,0.000000,1.000000;;
	}
		Frame frm-bodymesh {
			FrameTransformMatrix {
				1.000000,0.000000,0.000000,0.000000,
				0.000000,1.000000,0.000000,0.000000,
				0.000000,0.000000,1.000000,0.000000,
				0.000000,0.000000,0.000000,1.000000;;
			}
		}
		Frame frm-root_bone {
			FrameTransformMatrix {
				0.000001,-0.000001,-1.000000,0.000000,
				-0.000000,1.000000,-0.000001,0.000000,
				1.000000,0.000000,0.000001,0.000000,
				0.000000,8.805256,0.176256,1.000000;;
			}
			SI_FrameBasePoseMatrix {
				0.000001,-0.000001,-1.000000,0.000000,
				-0.000000,1.000000,-0.000001,0.000000,
				1.000000,0.000000,0.000001,0.000000,
				0.000000,8.805256,0.176256,1.000000;;
			}
				Frame frm-torso {
					FrameTransformMatrix {
						-0.000001,1.000000,0.000000,0.000000,
						-1.000000,-0.000001,0.000000,0.000000,
						0.000000,-0.000000,1.000000,0.000000,
						0.000000,-0.000000,-0.000000,1.000000;;
					}
					SI_FrameBasePoseMatrix {
						-0.000001,1.000000,0.000000,0.000000,
						-1.000000,-0.000001,0.000000,0.000000,
						0.000000,-0.000000,1.000000,0.000000,
						0.000000,-0.000000,-0.000000,1.000000;;
					}
						Frame frm-link2_head {
							FrameTransformMatrix {
								1.000000,0.000000,-0.000001,0.000000,
								-0.000000,1.000000,-0.000002,0.000000,
								0.000001,0.000002,1.000000,0.000000,
								6.068272,-0.000000,0.000005,1.000000;;
							}
							SI_FrameBasePoseMatrix {
								1.000000,0.000000,-0.000001,0.000000,
								-0.000000,1.000000,-0.000002,0.000000,
								0.000001,0.000002,1.000000,0.000000,
								6.068272,-0.000000,0.000005,1.000000;;
							}
								Frame frm-link_head {
									FrameTransformMatrix {
										-0.000000,-1.000000,-0.000007,0.000000,
										1.000000,-0.000000,0.000001,0.000000,
										-0.000001,-0.000007,1.000000,0.000000,
										-0.000000,-0.740935,-0.000009,1.000000;;
									}
									SI_FrameBasePoseMatrix {
										-0.000000,-1.000000,-0.000007,0.000000,
										1.000000,-0.000000,0.000001,0.000000,
										-0.000001,-0.000007,1.000000,0.000000,
										-0.000000,-0.740935,-0.000009,1.000000;;
									}
										Frame frm-head {
											FrameTransformMatrix {
												-0.707108,0.000000,0.707105,0.000000,
												0.000000,1.000000,0.000000,0.000000,
												-0.707105,0.000000,-0.707108,0.000000,
												-0.000000,-0.000000,-0.000000,1.000000;;
											}
											SI_FrameBasePoseMatrix {
												-0.707108,0.000000,0.707105,0.000000,
												0.000000,1.000000,0.000000,0.000000,
												-0.707105,0.000000,-0.707108,0.000000,
												-0.000000,-0.000000,-0.000000,1.000000;;
											}
										}
								}
						}
						Frame frm-link_rarm {
							FrameTransformMatrix {
								0.000003,-1.000000,0.000001,0.000000,
								1.000000,0.000003,-0.000001,0.000000,
								0.000001,0.000001,1.000000,0.000000,
								6.068272,0.707104,-0.707104,1.000000;;
							}
							SI_FrameBasePoseMatrix {
								0.000003,-1.000000,0.000001,0.000000,
								1.000000,0.000003,-0.000001,0.000000,
								0.000001,0.000001,1.000000,0.000000,
								6.068272,0.707104,-0.707104,1.000000;;
							}
								Frame frm-rarm {
									FrameTransformMatrix {
										-0.121672,0.089154,-0.988548,0.000000,
										-0.042499,-0.995512,-0.084550,0.000000,
										-0.991616,0.031725,0.124951,0.000000,
										1.364738,-1.619329,-1.399300,1.000000;;
									}
									SI_FrameBasePoseMatrix {
										-0.065532,0.139102,-0.988100,0.000000,
										-0.438643,-0.893437,-0.096668,0.000000,
										-0.896220,0.427108,0.119598,0.000000,
										1.068871,-1.619328,-1.399300,1.000000;;
									}
										Frame frm-rarm2 {
											FrameTransformMatrix {
												-0.693629,0.265816,-0.669493,0.000000,
												0.005175,0.931237,0.364378,0.000000,
												0.720314,0.249278,-0.647308,0.000000,
												-0.000000,1.616064,0.000000,1.000000;;
											}
											SI_FrameBasePoseMatrix {
												-0.663067,0.643793,-0.381934,0.000000,
												-0.164875,0.372091,0.913436,0.000000,
												0.730177,0.668640,-0.140576,0.000000,
												-0.000000,1.616061,0.000001,1.000000;;
											}
												Frame frm-hp_dock_h {
													FrameTransformMatrix {
														0.579596,-0.038350,-0.814002,0.000000,
														-0.347698,-0.915042,-0.204462,0.000000,
														-0.737004,0.401531,-0.543689,0.000000,
														-1.552961,0.275085,-2.271262,1.000000;;
													}
													SI_FrameBasePoseMatrix {
														0.562563,0.201990,-0.801701,0.000000,
														-0.817247,-0.010770,-0.576187,0.000000,
														-0.125018,0.979329,0.159017,0.000000,
														-0.133573,1.884814,-0.705916,1.000000;;
													}
												}
										}
								}
						}
						Frame frm-link_larm {
							FrameTransformMatrix {
								0.000003,-1.000000,0.000001,0.000000,
								1.000000,0.000003,-0.000002,0.000000,
								0.000002,0.000001,1.000000,0.000000,
								6.068272,-0.707109,0.707111,1.000000;;
							}
							SI_FrameBasePoseMatrix {
								0.000003,-1.000000,0.000001,0.000000,
								1.000000,0.000003,-0.000002,0.000000,
								0.000002,0.000001,1.000000,0.000000,
								6.068272,-0.707109,0.707111,1.000000;;
							}
								Frame frm-larm {
									FrameTransformMatrix {
										0.105612,-0.104207,-0.988936,0.000000,
										-0.033565,-0.994301,0.101186,0.000000,
										-0.993874,0.022514,-0.108490,0.000000,
										-0.030740,-1.637795,1.432297,1.000000;;
									}
									SI_FrameBasePoseMatrix {
										0.274542,-0.282041,-0.919291,0.000000,
										-0.870227,-0.479629,-0.112709,0.000000,
										-0.409144,0.830909,-0.377099,0.000000,
										-0.502382,-1.762252,1.410960,1.000000;;
									}
										Frame frm-larm2 {
											FrameTransformMatrix {
												-0.991719,0.101511,-0.078674,0.000000,
												0.061740,0.913981,0.401031,0.000000,
												0.112616,0.392853,-0.912680,0.000000,
												-0.000000,1.624438,-0.000000,1.000000;;
											}
											SI_FrameBasePoseMatrix {
												-0.712863,0.490970,0.500774,0.000000,
												0.694322,0.594595,0.405429,0.000000,
												-0.098705,0.636714,-0.764756,0.000000,
												-0.000001,1.624437,-0.000001,1.000000;;
											}
										}
								}
						}
						Frame frm-hp_dock_p {
							FrameTransformMatrix {
								0.000000,-0.000004,1.000000,0.000000,
								0.995112,0.098756,-0.000000,0.000000,
								-0.098756,0.995112,0.000004,0.000000,
								3.346465,-2.000164,0.048107,1.000000;;
							}
							SI_FrameBasePoseMatrix {
								0.000000,-0.000004,1.000000,0.000000,
								0.995112,0.098756,-0.000000,0.000000,
								-0.098756,0.995112,0.000004,0.000000,
								3.346465,-2.000164,0.048107,1.000000;;
							}
						}
				}
				Frame frm-eyebone {
					FrameTransformMatrix {
						-0.000001,1.000000,-0.000000,0.000000,
						-1.000000,-0.000001,-0.000000,0.000000,
						-0.000000,0.000000,1.000000,0.000000,
						0.000000,-0.000000,-0.000000,1.000000;;
					}
					SI_FrameBasePoseMatrix {
						-0.000001,1.000000,-0.000000,0.000000,
						-1.000000,-0.000001,-0.000000,0.000000,
						-0.000000,0.000000,1.000000,0.000000,
						0.000000,-0.000000,-0.000000,1.000000;;
					}
						Frame frm-link_eyepoint {
							FrameTransformMatrix {
								1.000000,0.000000,0.000000,0.000000,
								0.000000,1.000000,0.000000,0.000000,
								-0.000000,-0.000000,1.000000,0.000000,
								6.069765,-0.000011,0.000003,1.000000;;
							}
							SI_FrameBasePoseMatrix {
								1.000000,0.000000,0.000000,0.000000,
								0.000000,1.000000,0.000000,0.000000,
								-0.000000,-0.000000,1.000000,0.000000,
								6.069765,-0.000011,0.000003,1.000000;;
							}
								Frame frm-hp_eyepoint_1 {
									FrameTransformMatrix {
										-0.000001,-0.000002,1.000000,0.000000,
										1.000000,-0.000003,0.000000,0.000000,
										0.000003,1.000000,0.000002,0.000000,
										0.000000,-0.873371,-0.000000,1.000000;;
									}
									SI_FrameBasePoseMatrix {
										-0.000001,-0.000002,1.000000,0.000000,
										1.000000,-0.000003,0.000000,0.000000,
										0.000003,1.000000,0.000002,0.000000,
										0.000000,-0.873371,-0.000000,1.000000;;
									}
										Frame frm-hp_hand_1 {
											FrameTransformMatrix {
												1.000000,-0.000000,0.000000,0.000000,
												-0.000000,1.000000,-0.000001,0.000000,
												-0.000000,0.000001,1.000000,0.000000,
												-0.883346,-1.070447,2.532005,1.000000;;
											}
											SI_FrameBasePoseMatrix {
												1.000000,-0.000000,0.000000,0.000000,
												-0.000000,1.000000,-0.000001,0.000000,
												-0.000000,0.000001,1.000000,0.000000,
												-0.883346,-1.070447,2.532005,1.000000;;
											}
										}
										Frame frm-hp_pack_1 {
											FrameTransformMatrix {
												1.000000,-0.000000,0.000000,0.000000,
												-0.000000,1.000000,-0.000001,0.000000,
												-0.000000,0.000001,1.000000,0.000000,
												-0.883346,-1.070447,2.532005,1.000000;;
											}
											SI_FrameBasePoseMatrix {
												1.000000,-0.000000,0.000000,0.000000,
												-0.000000,1.000000,-0.000001,0.000000,
												-0.000000,0.000001,1.000000,0.000000,
												-0.883346,-1.070447,2.532005,1.000000;;
											}
										}
								}
						}
				}
		}
		Frame frm-rleg {
			FrameTransformMatrix {
				-0.000000,0.110799,0.993843,0.000000,
				-0.000000,-0.993843,0.110799,0.000000,
				0.999992,-0.000001,0.000000,0.000000,
				-1.129830,8.248293,-0.063342,1.000000;;
			}
			SI_FrameBasePoseMatrix {
				-0.000000,0.110799,0.993843,0.000000,
				-0.000000,-0.993843,0.110799,0.000000,
				0.999992,-0.000001,0.000000,0.000000,
				-1.229831,8.248293,-0.063342,1.000000;;
			}
				Frame frm-rcalf {
					FrameTransformMatrix {
						-0.000000,-0.000000,1.000000,0.000000,
						-0.237117,0.971481,0.000000,0.000000,
						-0.971481,-0.237117,-0.000000,0.000000,
						0.000000,3.839259,0.000000,1.000000;;
					}
					SI_FrameBasePoseMatrix {
						0.172579,0.019239,0.984808,0.000000,
						-0.235184,0.971697,0.022231,0.000000,
						-0.956507,-0.235448,0.172219,0.000000,
						-0.000000,3.839259,0.000000,1.000000;;
					}
						Frame frm-rfoot {
							FrameTransformMatrix {
								1.000000,-0.000001,-0.000001,0.000000,
								-0.000001,-0.128019,-0.991772,0.000000,
								0.000000,0.991772,-0.128019,0.000000,
								-0.000000,4.222519,-0.000000,1.000000;;
							}
							SI_FrameBasePoseMatrix {
								1.000000,-0.000001,-0.000001,0.000000,
								-0.000001,-0.128019,-0.991772,0.000000,
								0.000000,0.991772,-0.128019,0.000000,
								-0.000000,4.222520,0.000000,1.000000;;
							}
								Frame frm-rtoes {
									FrameTransformMatrix {
										1.000000,0.000000,0.000000,0.000000,
										-0.000000,1.000000,0.000000,0.000000,
										-0.000000,-0.000000,1.000000,0.000000,
										-0.000000,1.155475,-0.000000,1.000000;;
									}
									SI_FrameBasePoseMatrix {
										1.000000,0.000000,0.000000,0.000000,
										-0.000000,1.000000,0.000000,0.000000,
										-0.000000,-0.000000,1.000000,0.000000,
										0.000000,1.155475,-0.000000,1.000000;;
									}
								}
						}
				}
		}
		Frame frm-lleg {
			FrameTransformMatrix {
				-0.000000,0.110799,0.993843,0.000000,
				-0.000000,-0.993843,0.110799,0.000000,
				1.000012,0.000001,0.000000,0.000000,
				1.129831,8.248293,-0.063339,1.000000;;
			}
			SI_FrameBasePoseMatrix {
				-0.000000,-0.471881,0.881662,0.000000,
				0.000001,-0.881662,-0.471881,0.000000,
				1.000012,0.000002,0.000001,0.000000,
				1.329831,8.248293,-0.063338,1.000000;;
			}
				Frame frm-lcalf {
					FrameTransformMatrix {
						0.000000,-0.000000,1.000000,0.000000,
						-0.237117,0.971481,0.000000,0.000000,
						-0.971481,-0.237117,0.000000,0.000000,
						-0.000000,3.839257,0.000000,1.000000;;
					}
					SI_FrameBasePoseMatrix {
						-0.142580,-0.099119,0.984808,0.000000,
						-0.669620,0.742371,-0.022229,0.000000,
						-0.728889,-0.662617,-0.172219,0.000000,
						0.000000,3.839258,-0.000000,1.000000;;
					}
						Frame frm-lfoot {
							FrameTransformMatrix {
								1.000000,-0.000001,-0.000001,0.000000,
								-0.000001,-0.128019,-0.991772,0.000000,
								0.000000,0.991772,-0.128019,0.000000,
								-0.000000,4.222518,-0.000000,1.000000;;
							}
							SI_FrameBasePoseMatrix {
								1.000000,-0.000001,-0.000001,0.000000,
								-0.000001,-0.128019,-0.991772,0.000000,
								0.000000,0.991772,-0.128019,0.000000,
								0.000000,4.222519,0.000000,1.000000;;
							}
								Frame frm-ltoes {
									FrameTransformMatrix {
										1.000000,0.000000,0.000000,0.000000,
										-0.000000,1.000000,0.000000,0.000000,
										-0.000000,-0.000000,1.000000,0.000000,
										-0.000000,1.155474,0.000000,1.000000;;
									}
									SI_FrameBasePoseMatrix {
										1.000000,0.000000,0.000000,0.000000,
										-0.000000,1.000000,0.000000,0.000000,
										-0.000000,-0.000000,1.000000,0.000000,
										-0.000000,1.155474,-0.000000,1.000000;;
									}
								}
						}
				}
		}
}

AnimationSet {
	Animation anim-torso {
		{frm-torso}
		SI_AnimationKey {
			2;
			7;
			1;3;0.000000,-0.000000,-0.000000;;,
			13;3;0.000000,0.233728,0.000000;;,
			28;3;0.000000,0.049515,0.000000;;,
			33;3;0.000000,0.049515,0.000000;;,
			42;3;0.000000,0.176041,0.000000;;,
			50;3;0.000000,0.237909,0.000000;;,
			60;3;0.000000,-0.000000,-0.000000;;;
		}
		SI_AnimationKey {
			0;
			7;
			1;4;0.707106,-0.000000,0.000000,-0.707107;;,
			13;4;0.707106,-0.000000,0.000000,-0.707107;;,
			28;4;0.707106,-0.000000,0.000000,-0.707107;;,
			33;4;0.707106,-0.000000,0.000000,-0.707107;;,
			42;4;0.707106,-0.000000,0.000000,-0.707107;;,
			50;4;0.707106,-0.000000,0.000000,-0.707107;;,
			60;4;0.707106,-0.000000,0.000000,-0.707107;;;
		}
	}
	Animation anim-rleg {
		{frm-rleg}
		SI_AnimationKey {
			2;
			10;
			1;3;-1.229831,8.248293,-0.063342;;,
			13;3;-1.229831,8.482021,-0.063342;;,
			19;3;-1.229831,8.248293,-0.063342;;,
			23;3;-1.229831,8.248293,-0.063342;;,
			28;3;-1.229831,8.064079,-0.063342;;,
			33;3;-1.229831,8.131357,-0.063342;;,
			40;3;-1.229831,8.248293,-0.063342;;,
			42;3;-1.229831,8.374819,-0.063342;;,
			50;3;-1.229831,8.310162,-0.063342;;,
			60;3;-1.229831,8.248293,-0.063342;;;
		}
		SI_AnimationKey {
			0;
			10;
			1;4;0.039233,-0.706015,-0.039233,-0.706020;;,
			13;4;0.260385,0.657419,-0.260384,0.657419;;,
			19;4;0.345836,0.616764,-0.345836,0.616763;;,
			23;4;0.172001,0.685869,-0.172001,0.685868;;,
			28;4;0.049500,-0.705370,-0.049500,-0.705374;;,
			33;4;0.251382,-0.660913,-0.251381,-0.660914;;,
			40;4;0.376151,-0.598757,-0.376150,-0.598758;;,
			42;4;0.368300,-0.603619,-0.368299,-0.603619;;,
			50;4;0.225065,-0.670332,-0.225064,-0.670333;;,
			60;4;0.039233,-0.706015,-0.039233,-0.706020;;;
		}
	}
	Animation anim-rcalf {
		{frm-rcalf}
		SI_AnimationKey {
			2;
			9;
			1;3;-0.000000,3.839259,0.000000;;,
			19;3;0.000000,3.839259,0.000000;;,
			21;3;-0.000000,3.839258,-0.000000;;,
			23;3;0.000000,3.839258,0.000000;;,
			29;3;-0.000000,3.839259,0.000000;;,
			33;3;0.000000,3.839258,-0.000000;;,
			40;3;0.000000,3.839258,0.000000;;,
			50;3;-0.000000,3.839258,-0.000000;;,
			60;3;-0.000000,3.839259,0.000000;;;
		}
		SI_AnimationKey {
			0;
			9;
			1;4;0.761002,-0.084651,0.637750,-0.083582;;,
			19;4;0.761002,-0.084651,0.637750,-0.083582;;,
			21;4;0.727107,-0.214844,0.606564,-0.239243;;,
			23;4;0.717142,-0.238742,0.597405,-0.267987;;,
			29;4;0.646165,-0.357224,0.535007,-0.410645;;,
			33;4;0.578337,-0.432472,0.476079,-0.501840;;,
			40;4;0.722730,-0.225863,0.602392,-0.252530;;,
			50;4;0.759704,-0.093927,0.636450,-0.094652;;,
			60;4;0.761002,-0.084651,0.637750,-0.083582;;;
		}
	}
	Animation anim-rfoot {
		{frm-rfoot}
		SI_AnimationKey {
			2;
			13;
			1;3;-0.000000,4.222520,0.000000;;,
			6;3;0.000000,4.222520,0.000000;;,
			12;3;0.000000,4.222520,0.000000;;,
			19;3;0.000000,4.222519,0.000000;;,
			23;3;0.000000,4.222520,0.000000;;,
			29;3;-0.000000,4.222520,0.000000;;,
			33;3;0.124726,4.036891,-0.688094;;,
			40;3;0.166383,3.977882,-0.919865;;,
			50;3;-0.045685,4.539844,0.220283;;,
			55;3;-0.030573,4.318114,0.162465;;,
			56;3;-0.026006,4.243000,0.146042;;,
			57;3;-0.018852,4.236926,0.105921;;,
			60;3;-0.000000,4.222520,0.000000;;;
		}
		SI_AnimationKey {
			0;
			13;
			1;4;0.660296,0.751006,-0.000001,-0.000000;;,
			6;4;0.631692,0.775191,-0.004361,0.004959;;,
			12;4;0.663730,0.747972,0.000533,-0.000607;;,
			19;4;0.660296,0.751006,-0.000001,-0.000000;;,
			23;4;0.660296,0.751006,-0.000001,-0.000000;;,
			29;4;0.616683,0.787148,-0.006592,0.007497;;,
			33;4;0.380671,0.922943,-0.037727,0.042933;;,
			40;4;0.545968,0.837427,-0.016641,0.018926;;,
			50;4;0.837675,0.544093,0.031416,-0.035733;;,
			55;4;0.725579,0.687953,0.010553,-0.012003;;,
			56;4;0.714334,0.699682,0.008668,-0.009860;;,
			57;4;0.691344,0.722487,0.004905,-0.005580;;,
			60;4;0.660296,0.751006,-0.000001,-0.000000;;;
		}
	}
	Animation anim-rtoes {
		{frm-rtoes}
		SI_AnimationKey {
			2;
			13;
			1;3;0.000000,1.155475,-0.000000;;,
			9;3;-0.000000,1.155475,0.000000;;,
			12;3;-0.000000,1.155474,0.000000;;,
			19;3;-0.000000,1.155475,0.000000;;,
			23;3;0.000000,1.155474,-0.000000;;,
			29;3;-0.000000,1.155475,0.000000;;,
			40;3;0.000000,1.155475,-0.000000;;,
			50;3;-0.000000,1.155475,0.000000;;,
			54;3;-0.000000,1.155475,-0.000000;;,
			55;3;-0.000000,1.155474,0.000000;;,
			56;3;-0.000000,1.155475,-0.000000;;,
			57;3;0.000000,1.155475,0.000000;;,
			60;3;0.000000,1.155475,-0.000000;;;
		}
		SI_AnimationKey {
			0;
			13;
			1;4;1.000000,-0.000000,0.000000,-0.000000;;,
			9;4;0.998425,0.055250,-0.009742,0.000000;;,
			12;4;0.990705,0.133965,-0.023622,0.000000;;,
			19;4;1.000000,0.000000,0.000000,-0.000000;;,
			23;4;1.000000,0.000000,-0.000000,-0.000000;;,
			29;4;0.998346,0.056618,-0.009983,0.000000;;,
			40;4;0.882851,-0.462518,0.081554,-0.000001;;,
			50;4;0.991334,-0.129368,0.022811,-0.000000;;,
			54;4;0.994309,0.104909,-0.018514,0.000005;;,
			55;4;0.998966,-0.044776,0.007891,0.000002;;,
			56;4;1.000000,0.000401,-0.000077,0.000002;;,
			57;4;0.999936,0.011144,-0.001971,0.000001;;,
			60;4;1.000000,-0.000000,0.000000,-0.000000;;;
		}
	}
	Animation anim-lleg {
		{frm-lleg}
		SI_AnimationKey {
			2;
			10;
			1;3;1.329831,8.248293,-0.063338;;,
			13;3;1.329831,8.482021,-0.063339;;,
			18;3;1.329831,8.248293,-0.063338;;,
			28;3;1.329831,8.064079,-0.063338;;,
			33;3;1.329831,8.156186,-0.063338;;,
			38;3;1.329831,8.248293,-0.063338;;,
			42;3;1.329831,8.374819,-0.063338;;,
			50;3;1.329831,8.358752,-0.063338;;,
			56;3;1.329831,8.248293,-0.063338;;,
			60;3;1.329831,8.248293,-0.063338;;;
		}
		SI_AnimationKey {
			0;
			10;
			1;4;0.172002,0.685867,-0.172001,0.685869;;,
			13;4;0.288087,-0.645761,-0.288086,-0.645760;;,
			18;4;0.376151,-0.598758,-0.376150,-0.598758;;,
			28;4;0.225065,-0.670333,-0.225064,-0.670332;;,
			33;4;0.136485,-0.693811,-0.136485,-0.693808;;,
			38;4;0.039233,-0.706022,-0.039233,-0.706013;;,
			42;4;0.058951,0.704642,-0.058949,0.704648;;,
			50;4;0.277055,0.650569,-0.277053,0.650571;;,
			56;4;0.345837,0.616763,-0.345836,0.616764;;,
			60;4;0.172002,0.685867,-0.172001,0.685869;;;
		}
	}
	Animation anim-lcalf {
		{frm-lcalf}
		SI_AnimationKey {
			2;
			9;
			1;3;0.000000,3.839258,-0.000000;;,
			7;3;-0.000000,3.839257,-0.000000;;,
			11;3;0.000000,3.839258,-0.000000;;,
			18;3;0.000000,3.839258,0.000000;;,
			28;3;-0.000001,3.839258,0.000000;;,
			38;3;0.000000,3.839257,-0.000000;;,
			56;3;-0.000000,3.839258,-0.000000;;,
			58;3;-0.000001,3.839257,-0.000000;;,
			60;3;0.000000,3.839258,-0.000000;;;
		}
		SI_AnimationKey {
			0;
			9;
			1;4;0.597405,-0.267987,0.717142,-0.238742;;,
			7;4;0.535007,-0.410646,0.646165,-0.357223;;,
			11;4;0.476078,-0.501842,0.578337,-0.432471;;,
			18;4;0.602392,-0.252530,0.722730,-0.225862;;,
			28;4;0.636450,-0.094652,0.759704,-0.093927;;,
			38;4;0.637750,-0.083582,0.761002,-0.084651;;,
			56;4;0.637750,-0.083582,0.761002,-0.084651;;,
			58;4;0.606564,-0.239244,0.727108,-0.214843;;,
			60;4;0.597405,-0.267987,0.717142,-0.238742;;;
		}
	}
	Animation anim-lfoot {
		{frm-lfoot}
		SI_AnimationKey {
			2;
			13;
			1;3;0.000000,4.222519,0.000000;;,
			7;3;-0.000000,4.222519,-0.000000;;,
			11;3;-0.124728,4.036889,-0.688094;;,
			18;3;-0.166386,3.977881,-0.919864;;,
			28;3;0.045686,4.539843,0.220282;;,
			33;3;0.030573,4.318114,0.162465;;,
			34;3;0.026006,4.242998,0.146042;;,
			35;3;0.018852,4.236924,0.105921;;,
			38;3;-0.000000,4.222518,0.000000;;,
			43;3;0.000000,4.222518,0.000000;;,
			49;3;0.000000,4.222518,0.000001;;,
			56;3;-0.000000,4.222519,0.000000;;,
			60;3;0.000000,4.222519,0.000000;;;
		}
		SI_AnimationKey {
			0;
			13;
			1;4;0.660296,0.751006,-0.000001,-0.000000;;,
			7;4;0.616683,0.787148,0.006591,-0.007498;;,
			11;4;0.380671,0.922943,0.037726,-0.042933;;,
			18;4;0.545968,0.837427,0.016640,-0.018927;;,
			28;4;0.837675,0.544093,-0.031417,0.035732;;,
			33;4;0.725579,0.687953,-0.010554,0.012003;;,
			34;4;0.714334,0.699682,-0.008670,0.009860;;,
			35;4;0.691344,0.722487,-0.004907,0.005580;;,
			38;4;0.660296,0.751006,-0.000001,-0.000000;;,
			43;4;0.631692,0.775191,0.004360,-0.004960;;,
			49;4;0.663730,0.747972,-0.000534,0.000607;;,
			56;4;0.660296,0.751006,-0.000001,-0.000000;;,
			60;4;0.660296,0.751006,-0.000001,-0.000000;;;
		}
	}
	Animation anim-ltoes {
		{frm-ltoes}
		SI_AnimationKey {
			2;
			13;
			1;3;-0.000000,1.155474,-0.000000;;,
			7;3;0.000000,1.155473,0.000000;;,
			18;3;0.000000,1.155473,0.000000;;,
			28;3;0.000000,1.155474,0.000000;;,
			32;3;-0.000000,1.155474,0.000000;;,
			33;3;-0.000000,1.155474,-0.000000;;,
			34;3;-0.000000,1.155473,-0.000000;;,
			35;3;0.000000,1.155474,0.000000;;,
			38;3;0.000000,1.155474,0.000000;;,
			46;3;0.000000,1.155474,0.000000;;,
			49;3;-0.000000,1.155474,0.000000;;,
			56;3;0.000000,1.155474,0.000000;;,
			60;3;-0.000000,1.155474,-0.000000;;;
		}
		SI_AnimationKey {
			0;
			13;
			1;4;1.000000,-0.000000,0.000000,-0.000000;;,
			7;4;0.998346,0.056618,0.009983,0.000000;;,
			18;4;0.882851,-0.462518,-0.081554,0.000000;;,
			28;4;0.991334,-0.129368,-0.022811,0.000000;;,
			32;4;0.994309,0.104909,0.018514,-0.000005;;,
			33;4;0.998966,-0.044776,-0.007891,-0.000002;;,
			34;4;1.000000,0.000401,0.000077,-0.000002;;,
			35;4;0.999936,0.011144,0.001971,-0.000001;;,
			38;4;1.000000,-0.000000,0.000000,-0.000000;;,
			46;4;0.998425,0.055250,0.009742,0.000000;;,
			49;4;0.990705,0.133965,0.023622,0.000000;;,
			56;4;1.000000,0.000000,0.000000,-0.000000;;,
			60;4;1.000000,-0.000000,0.000000,-0.000000;;;
		}
	}
}

SI_EnvelopeList {
	14;
	SI_Envelope {
		"frm-bodymesh";
		"frm-rarm";
		10;
		102;0.274974;,
		105;23.460585;,
		106;100.000000;,
		107;98.021072;,
		108;73.907483;,
		109;100.000000;,
		110;99.999982;,
		114;100.000000;,
		115;100.000000;,
		116;100.000000;;
	}
	SI_Envelope {
		"frm-bodymesh";
		"frm-larm";
		9;
		267;84.921104;,
		268;74.466854;,
		269;99.061126;,
		270;84.616107;,
		271;99.997789;,
		272;90.129185;,
		278;99.536693;,
		279;99.999994;,
		280;99.997020;;
	}
	SI_Envelope {
		"frm-bodymesh";
		"frm-larm2";
		23;
		281;92.704648;,
		282;99.999726;,
		283;99.963844;,
		284;99.994951;,
		285;100.000000;,
		286;99.999356;,
		287;99.995846;,
		288;100.000000;,
		289;100.000000;,
		290;100.000000;,
		291;99.999267;,
		292;100.000000;,
		293;100.000000;,
		294;100.000000;,
		295;95.789200;,
		296;100.000000;,
		297;100.000000;,
		298;100.000000;,
		299;100.000000;,
		300;99.699569;,
		301;100.000000;,
		302;100.000000;,
		303;100.000000;;
	}
	SI_Envelope {
		"frm-bodymesh";
		"frm-rcalf";
		34;
		35;0.000340;,
		36;0.000000;,
		49;100.000000;,
		51;25.000000;,
		52;25.000000;,
		53;24.999994;,
		54;24.999851;,
		55;24.771170;,
		56;24.771166;,
		57;25.000000;,
		58;24.997272;,
		59;99.930632;,
		60;100.000000;,
		61;99.999964;,
		62;99.999940;,
		63;99.999994;,
		64;99.999994;,
		65;100.000000;,
		66;99.999875;,
		67;24.999994;,
		68;99.998844;,
		69;100.000000;,
		70;100.000000;,
		71;100.000000;,
		72;100.000000;,
		73;99.733812;,
		74;99.999988;,
		76;24.999982;,
		77;25.226045;,
		78;25.032091;,
		79;24.999687;,
		80;24.999690;,
		81;24.999976;,
		82;25.665915;;
	}
	SI_Envelope {
		"frm-bodymesh";
		"frm-lcalf";
		32;
		202;99.998480;,
		204;25.000000;,
		205;25.000000;,
		206;24.999988;,
		207;24.999845;,
		208;24.999999;,
		209;25.000000;,
		210;25.000000;,
		211;24.999163;,
		212;99.999988;,
		213;99.999672;,
		214;99.999940;,
		215;99.999958;,
		216;99.999952;,
		217;99.999946;,
		218;99.993551;,
		219;99.999821;,
		220;25.007451;,
		221;99.999988;,
		222;99.999869;,
		223;99.999052;,
		224;99.999994;,
		225;100.000000;,
		226;99.999988;,
		227;99.993342;,
		229;25.000095;,
		230;24.999958;,
		231;25.009561;,
		232;25.001174;,
		233;24.999958;,
		234;25.000870;,
		235;25.000268;;
	}
	SI_Envelope {
		"frm-bodymesh";
		"frm-head";
		63;
		0;99.969351;,
		1;99.834883;,
		2;100.000000;,
		3;99.999994;,
		4;100.000000;,
		5;100.000000;,
		6;99.999994;,
		7;99.999988;,
		8;99.999994;,
		9;99.999994;,
		10;11.076713;,
		11;99.946553;,
		12;99.999994;,
		13;100.000000;,
		14;99.999362;,
		15;100.000000;,
		16;99.999994;,
		17;100.000000;,
		18;100.000000;,
		19;99.999994;,
		20;100.000000;,
		21;99.999994;,
		22;99.999994;,
		23;99.999994;,
		24;100.000000;,
		140;1.419741;,
		141;99.983561;,
		142;99.906045;,
		143;99.982625;,
		144;100.000000;,
		145;100.000000;,
		146;100.000000;,
		147;100.000000;,
		148;99.999994;,
		149;100.000000;,
		150;100.000000;,
		151;100.000000;,
		152;100.000000;,
		153;100.000000;,
		154;99.999994;,
		155;99.999976;,
		156;14.678419;,
		157;99.970710;,
		158;99.999994;,
		159;100.000000;,
		160;99.999875;,
		161;100.000000;,
		162;4.407084;,
		163;99.858224;,
		164;99.999887;,
		165;99.999994;,
		166;100.000000;,
		167;100.000000;,
		168;99.999994;,
		169;99.999994;,
		170;99.999994;,
		171;100.000000;,
		172;100.000000;,
		173;100.000000;,
		174;100.000000;,
		175;100.000000;,
		176;99.997234;,
		177;99.956661;;
	}
	SI_Envelope {
		"frm-bodymesh";
		"frm-rfoot";
		32;
		25;98.948151;,
		26;99.998254;,
		27;100.000000;,
		28;99.999911;,
		29;99.999285;,
		30;100.000000;,
		31;100.000000;,
		32;99.557382;,
		33;100.000000;,
		34;99.999976;,
		35;99.999666;,
		36;100.000000;,
		37;50.000000;,
		38;50.000006;,
		39;50.000000;,
		40;0.000006;,
		41;50.000000;,
		42;50.003552;,
		43;50.000000;,
		45;97.777086;,
		46;99.998891;,
		47;100.000000;,
		48;99.935514;,
		50;99.999976;,
		51;75.000006;,
		52;75.000000;,
		53;75.000006;,
		54;75.000149;,
		55;75.228834;,
		56;75.228840;,
		57;75.000006;,
		58;75.002730;;
	}
	SI_Envelope {
		"frm-bodymesh";
		"frm-torso";
		152;
		0;0.030649;,
		1;0.165117;,
		3;0.000006;,
		6;0.000006;,
		7;0.000012;,
		8;0.000006;,
		9;0.000006;,
		10;88.923287;,
		11;0.053447;,
		12;0.000006;,
		14;0.000638;,
		16;0.000006;,
		19;0.000006;,
		21;0.000006;,
		22;0.000006;,
		23;0.000006;,
		59;0.069368;,
		67;0.000012;,
		73;0.266188;,
		74;0.000012;,
		75;0.000197;,
		76;0.000024;,
		77;0.001227;,
		78;0.015892;,
		79;0.000321;,
		80;0.000318;,
		81;0.000024;,
		82;0.081147;,
		84;4.485595;,
		85;0.000006;,
		88;0.000054;,
		89;7.528812;,
		90;50.005382;,
		91;50.456178;,
		92;50.169361;,
		93;57.025439;,
		94;50.000584;,
		95;97.681630;,
		96;99.347699;,
		97;100.000000;,
		98;19.337061;,
		99;98.913550;,
		100;100.000000;,
		101;100.000000;,
		102;99.725026;,
		103;100.000000;,
		104;100.000000;,
		105;76.539415;,
		107;1.978922;,
		108;26.092517;,
		110;0.000018;,
		111;100.000000;,
		112;100.000000;,
		113;100.000000;,
		117;0.068456;,
		118;4.879111;,
		120;0.403988;,
		121;0.031787;,
		122;0.848019;,
		123;0.990397;,
		126;0.000006;,
		128;0.000006;,
		130;0.000006;,
		131;0.081682;,
		136;0.000006;,
		139;0.000006;,
		140;98.580259;,
		141;0.016439;,
		142;0.093949;,
		143;0.017369;,
		148;0.000006;,
		154;0.000006;,
		155;0.000024;,
		156;85.321581;,
		157;0.029290;,
		158;0.000006;,
		160;0.000131;,
		162;95.592916;,
		163;0.141776;,
		164;0.000113;,
		165;0.000006;,
		168;0.000006;,
		169;0.000006;,
		170;0.000006;,
		176;0.002766;,
		177;0.043339;,
		212;0.000012;,
		220;0.000054;,
		221;0.000012;,
		222;0.000137;,
		223;0.000954;,
		224;0.000012;,
		226;0.000012;,
		227;0.006658;,
		228;0.022697;,
		229;0.000042;,
		230;0.000048;,
		231;0.000067;,
		232;0.000048;,
		233;0.000048;,
		234;0.000048;,
		235;0.000148;,
		238;5.461388;,
		239;0.000834;,
		242;0.152236;,
		243;50.000107;,
		244;50.107038;,
		245;33.001876;,
		246;33.003163;,
		247;50.001705;,
		248;57.366252;,
		249;50.053406;,
		250;33.083630;,
		251;98.346829;,
		252;100.000000;,
		253;69.713789;,
		254;100.000000;,
		255;100.000000;,
		256;66.682667;,
		257;98.522913;,
		258;100.000000;,
		259;100.000000;,
		260;100.000000;,
		261;100.000000;,
		262;100.000000;,
		263;100.000000;,
		264;100.000000;,
		265;100.000000;,
		266;100.000000;,
		267;15.078904;,
		268;25.533140;,
		269;0.938869;,
		270;15.383892;,
		271;0.002211;,
		272;9.870809;,
		273;100.000000;,
		274;100.000000;,
		275;100.000000;,
		276;100.000000;,
		277;100.000000;,
		278;0.463301;,
		279;0.000006;,
		280;0.002980;,
		281;7.295352;,
		282;0.000274;,
		283;0.036156;,
		284;0.005049;,
		286;0.000644;,
		287;0.004154;,
		291;0.000733;,
		295;4.210800;,
		300;0.300431;;
	}
	SI_Envelope {
		"frm-bodymesh";
		"frm-lleg";
		24;
		220;74.992496;,
		228;99.977297;,
		229;74.999869;,
		230;75.000000;,
		231;74.990374;,
		232;74.998784;,
		233;75.000000;,
		234;74.999082;,
		235;74.999583;,
		236;100.000000;,
		237;100.000000;,
		238;94.538605;,
		239;99.999166;,
		240;100.000000;,
		241;100.000000;,
		242;99.847764;,
		243;49.999893;,
		244;49.892959;,
		245;33.491516;,
		246;33.373272;,
		247;49.998295;,
		248;42.633745;,
		249;49.946594;,
		250;33.333525;;
	}
	SI_Envelope {
		"frm-bodymesh";
		"frm-lfoot";
		31;
		178;99.999958;,
		179;100.000000;,
		180;100.000000;,
		181;99.998689;,
		182;100.000000;,
		183;99.999917;,
		184;100.000000;,
		185;100.000000;,
		186;99.999952;,
		187;99.999833;,
		188;99.999994;,
		189;99.999988;,
		190;50.000006;,
		191;56.359613;,
		192;50.000000;,
		194;50.000000;,
		195;52.675796;,
		196;51.459539;,
		198;100.000000;,
		199;100.000000;,
		200;99.748468;,
		201;99.999887;,
		203;99.999833;,
		204;75.000006;,
		205;75.000000;,
		206;75.000012;,
		207;75.000149;,
		208;75.000006;,
		209;75.000006;,
		210;75.000006;,
		211;75.000834;;
	}
	SI_Envelope {
		"frm-bodymesh";
		"frm-rleg";
		24;
		67;74.999994;,
		75;99.999803;,
		76;75.000000;,
		77;74.772727;,
		78;74.952018;,
		79;74.999994;,
		80;74.999994;,
		81;75.000000;,
		82;74.252939;,
		83;100.000000;,
		84;95.514405;,
		85;99.999994;,
		86;100.000000;,
		87;100.000000;,
		88;99.999946;,
		89;92.471188;,
		90;49.994618;,
		91;49.543822;,
		92;49.830639;,
		93;42.974561;,
		94;49.999419;,
		245;33.506608;,
		246;33.623561;,
		250;33.582845;;
	}
	SI_Envelope {
		"frm-bodymesh";
		"frm-rtoes";
		8;
		37;50.000000;,
		38;49.999994;,
		39;50.000000;,
		40;100.000000;,
		41;50.000000;,
		42;49.996454;,
		43;50.000000;,
		44;100.000000;;
	}
	SI_Envelope {
		"frm-bodymesh";
		"frm-ltoes";
		8;
		190;50.000000;,
		191;43.640390;,
		192;50.000000;,
		193;100.000000;,
		194;50.000000;,
		195;47.324207;,
		196;48.540461;,
		197;100.000000;;
	}
	SI_Envelope {
		"frm-bodymesh";
		"frm-rarm2";
		23;
		117;99.931538;,
		118;95.120889;,
		119;100.000000;,
		120;99.596006;,
		121;99.968207;,
		122;99.151981;,
		123;99.009603;,
		124;100.000000;,
		125;100.000000;,
		126;99.999994;,
		127;100.000000;,
		128;99.999994;,
		129;100.000000;,
		130;99.999994;,
		131;99.918318;,
		132;100.000000;,
		133;100.000000;,
		134;100.000000;,
		135;100.000000;,
		136;99.999994;,
		137;100.000000;,
		138;100.000000;,
		139;99.999994;;
	}
}
