xsi 0101txt 0032

SI_CoordinateSystem coord {
	1;
	0;
	1;
	0;
	2;
	5;
}

Frame frm-hp_dummyroot {
	FrameTransformMatrix {
		1.000000,0.000000,0.000000,0.000000,
		-0.000000,1.000000,-0.000000,0.000000,
		-0.000000,0.000000,1.000000,0.000000,
		0.000000,0.000000,0.000000,1.000000;;
	}
		Frame frm-hp_1 {
			FrameTransformMatrix {
				0.986093,0.166194,0.000000,0.000000,
				-0.166194,0.986093,0.000000,0.000000,
				0.000000,0.000000,1.000000,0.000000,
				32.000000,0.000000,0.000000,1.000000;;
			}
				Frame frm-hp_2 {
					FrameTransformMatrix {
						0.995758,0.092010,0.000000,0.000000,
						-0.092010,0.995758,-0.000000,0.000000,
						-0.000000,0.000000,1.000000,0.000000,
						-0.000004,64.000000,0.000005,1.000000;;
					}
						Frame frm-hp_3 {
							FrameTransformMatrix {
								0.977960,0.208791,0.000000,0.000000,
								-0.208791,0.977960,-0.000000,0.000000,
								0.000000,0.000000,1.000000,0.000000,
								0.000011,64.000000,0.000005,1.000000;;
							}
								Frame frm-hp_4 {
									FrameTransformMatrix {
										0.978871,0.204480,-0.000000,0.000000,
										-0.204479,0.978871,0.000000,0.000000,
										0.000000,0.000000,1.000000,0.000000,
										-0.000027,63.999954,0.000005,1.000000;;
									}
								}
						}
				}
				Frame frm-hp_eff_1 {
					FrameTransformMatrix {
						0.986092,-0.166201,0.000000,0.000000,
						-0.000000,-0.000001,-1.000000,0.000000,
						0.166201,0.986092,-0.000001,0.000000,
						4.655624,-0.784610,40.000000,1.000000;;
					}
				}
				Frame frm-hp_eff_2 {
					FrameTransformMatrix {
						0.986092,-0.166201,0.000000,0.000000,
						-0.000000,-0.000001,-1.000000,0.000000,
						0.166201,0.986092,-0.000001,0.000000,
						6.622269,-1.116074,24.000004,1.000000;;
					}
				}
				Frame frm-hp_eff_3 {
					FrameTransformMatrix {
						0.986092,-0.166201,0.000000,0.000000,
						-0.000000,-0.000001,-1.000000,0.000000,
						0.166201,0.986092,-0.000001,0.000000,
						8.907501,-1.501235,8.000000,1.000000;;
					}
				}
				Frame frm-hp_eff_4 {
					FrameTransformMatrix {
						0.986092,-0.166201,0.000000,0.000000,
						-0.000000,-0.000001,-1.000000,0.000000,
						0.166201,0.986092,-0.000001,0.000000,
						8.907494,-1.501232,-8.000000,1.000000;;
					}
				}
				Frame frm-hp_eff_5 {
					FrameTransformMatrix {
						0.986092,-0.166201,0.000000,0.000000,
						-0.000000,-0.000001,-1.000000,0.000000,
						0.166201,0.986092,-0.000001,0.000000,
						6.622265,-1.116064,-23.999996,1.000000;;
					}
				}
				Frame frm-hp_eff_6 {
					FrameTransformMatrix {
						0.986092,-0.166201,0.000000,0.000000,
						-0.000000,-0.000001,-1.000000,0.000000,
						0.166201,0.986092,-0.000001,0.000000,
						4.655640,-0.784596,-40.000000,1.000000;;
					}
				}
		}
		Frame frm-trn {
			FrameTransformMatrix {
				-1.000000,-0.000000,0.000000,0.000000,
				-0.000000,0.000000,1.000000,0.000000,
				-0.000000,1.000000,-0.000000,0.000000,
				-16.000000,-64.000000,0.000009,1.000000;;
			}
			Mesh trn {
				4;
				48.000000;-48.000000;0.000000;,
				-48.000000;-48.000000;0.000000;,
				48.000000;48.000000;0.000000;,
				-48.000000;48.000000;0.000000;;

				1;
				4;1,3,2,0;,

				MeshMaterialList {
					1;
					1;
					0;;
					SI_Material {
						0.560000;0.560000;0.560000;1.000000;;
						0.000000;
						0.000000;0.000000;0.000000;;
						0.000000;0.000000;0.000000;;
						5;
						0.500000;0.500000;0.500000;;
					}
				}
				SI_MeshNormals {
					4;
					-0.000000;0.000000;-1.000000;,
					-0.000000;0.000000;-1.000000;,
					-0.000000;0.000000;-1.000000;,
					-0.000000;0.000000;-1.000000;;

					1;
					0;4;0;1;2;3;;
				}
			}
		}
}
