xsi 0101txt 0032

SI_CoordinateSystem coord {
	1;
	0;
	1;
	0;
	2;
	5;
}

Frame frm-hp_dummyroot {
	FrameTransformMatrix {
		1.000000,0.000000,0.000000,0.000000,
		-0.000000,1.000000,-0.000000,0.000000,
		-0.000000,0.000000,1.000000,0.000000,
		0.000000,0.000000,0.000000,1.000000;;
	}
		Frame frm-hp_1 {
			FrameTransformMatrix {
				0.945078,0.326843,0.000000,0.000000,
				-0.326843,0.945078,0.000000,0.000000,
				0.000000,0.000000,1.000000,0.000000,
				16.000000,0.000000,0.000000,1.000000;;
			}
				Frame frm-hp_2 {
					FrameTransformMatrix {
						0.864478,0.502670,-0.000000,0.000000,
						-0.502670,0.864478,0.000000,0.000000,
						-0.000000,0.000000,1.000000,0.000000,
						-0.000002,16.000000,-0.000000,1.000000;;
					}
						Frame frm-hp_3 {
							FrameTransformMatrix {
								0.956156,0.292858,0.000000,0.000000,
								-0.292858,0.956156,-0.000000,0.000000,
								-0.000000,0.000000,1.000000,0.000000,
								0.000000,15.999994,-0.000000,1.000000;;
							}
						}
				}
				Frame frm-hp_eff_1 {
					FrameTransformMatrix {
						0.945080,-0.326839,0.000000,0.000000,
						-0.000000,-0.000000,-1.000000,0.000000,
						0.326839,0.945080,-0.000000,0.000000,
						1.358553,-0.000001,8.000000,1.000000;;
					}
				}
				Frame frm-hp_eff_2 {
					FrameTransformMatrix {
						0.945080,-0.326839,0.000000,0.000000,
						-0.000000,-0.000000,-1.000000,0.000000,
						0.326839,0.945080,-0.000000,0.000000,
						1.358551,0.000002,-8.000000,1.000000;;
					}
				}
		}
		Frame frm-trn {
			FrameTransformMatrix {
				-1.000000,-0.000000,-0.000000,0.000000,
				-0.000000,0.000000,1.000000,0.000000,
				0.000000,1.000000,-0.000000,0.000000,
				0.000000,-64.000000,0.000010,1.000000;;
			}
			Mesh trn {
				4;
				16.000000;-16.000000;0.000000;,
				-16.000000;-16.000000;0.000000;,
				16.000000;16.000000;0.000000;,
				-16.000000;16.000000;0.000000;;

				1;
				4;1,3,2,0;,

				MeshMaterialList {
					1;
					1;
					0;;
					SI_Material {
						0.800000;0.800000;0.800000;0.800000;;
						96.078431;
						0.500000;0.500000;0.500000;;
						0.000000;0.000000;0.000000;;
						5;
						0.500000;0.500000;0.500000;;
					}
				}
				SI_MeshNormals {
					4;
					-0.000000;0.000000;-1.000000;,
					-0.000000;0.000000;-1.000000;,
					-0.000000;0.000000;-1.000000;,
					-0.000000;0.000000;-1.000000;;

					1;
					0;4;0;1;2;3;;
				}
			}
		}
}
