xsi 0101txt 0032

SI_CoordinateSystem coord {
	1;
	0;
	1;
	0;
	2;
	5;
}

Frame frm-hp_bones {
	FrameTransformMatrix {
		1.000000,0.000002,0.000000,0.000000,
		-0.000002,1.000000,-0.000001,0.000000,
		-0.000000,0.000001,1.000000,0.000000,
		0.000001,0.000001,-0.880770,1.000000;;
	}
		Frame frm-body {
			FrameTransformMatrix {
				1.000000,0.000000,0.000000,0.000000,
				0.000000,1.000000,0.000000,0.000000,
				0.000000,0.000000,1.000000,0.000000,
				-0.000008,4.018449,0.032715,1.000000;;
			}
				Frame frm-cockpit {
					FrameTransformMatrix {
						1.000000,-0.000000,-0.000000,0.000000,
						-0.000000,1.000000,0.000000,0.000000,
						0.000000,-0.000000,1.000000,0.000000,
						-0.000005,3.519198,0.288934,1.000000;;
					}
				}
		}
		Frame frm-rleg {
			FrameTransformMatrix {
				-0.953915,0.300071,-0.000003,0.000000,
				-0.300071,-0.953917,0.000000,0.000000,
				-0.000003,0.000001,1.000000,0.000000,
				-2.174518,5.064499,-0.523447,1.000000;;
			}
			SI_FrameBasePoseMatrix {
				-0.953915,0.300071,-0.000003,0.000000,
				-0.300071,-0.953917,0.000000,0.000000,
				-0.000003,0.000001,1.000000,0.000000,
				-2.174518,5.064499,-0.523447,1.000000;;
			}
				Frame frm-rleg_low {
					FrameTransformMatrix {
						-0.759596,-0.291286,-0.581521,0.000000,
						-0.319041,0.946018,-0.057126,0.000000,
						0.566769,0.142136,-0.811523,0.000000,
						-0.000000,1.809688,0.000000,1.000000;;
					}
					SI_FrameBasePoseMatrix {
						-0.759596,-0.291286,-0.581521,0.000000,
						-0.319041,0.946018,-0.057126,0.000000,
						0.566769,0.142136,-0.811523,0.000000,
						-0.000000,1.809688,0.000000,1.000000;;
					}
						Frame frm-rfoot {
							FrameTransformMatrix {
								0.811999,0.020464,-0.583300,0.000000,
								-0.583632,0.038144,-0.811122,0.000000,
								0.005651,0.999063,0.042917,0.000000,
								-0.000000,3.203576,-0.000000,1.000000;;
							}
							SI_FrameBasePoseMatrix {
								0.811999,0.020464,-0.583300,0.000000,
								-0.583632,0.038144,-0.811122,0.000000,
								0.005651,0.999063,0.042917,0.000000,
								-0.000000,3.203576,-0.000000,1.000000;;
							}
								Frame frm-rtoes {
									FrameTransformMatrix {
										1.000000,0.000000,-0.000001,0.000000,
										-0.000000,0.995460,-0.095186,0.000000,
										0.000001,0.095186,0.995460,0.000000,
										-0.000000,0.992858,-0.000000,1.000000;;
									}
									SI_FrameBasePoseMatrix {
										1.000000,0.000000,-0.000001,0.000000,
										-0.000000,0.995460,-0.095186,0.000000,
										0.000001,0.095186,0.995460,0.000000,
										-0.000000,0.992858,-0.000000,1.000000;;
									}
								}
						}
				}
		}
		Frame frm-rhorn {
			FrameTransformMatrix {
				0.998877,0.034015,0.032993,0.000000,
				-0.034015,0.029914,0.998974,0.000000,
				0.032993,-0.998974,0.031037,0.000000,
				-1.344062,7.543023,-0.624771,1.000000;;
			}
			SI_FrameBasePoseMatrix {
				0.998877,0.034015,0.032993,0.000000,
				-0.034015,0.029914,0.998974,0.000000,
				0.032993,-0.998974,0.031037,0.000000,
				-1.344062,7.543023,-0.624771,1.000000;;
			}
		}
		Frame frm-lleg {
			FrameTransformMatrix {
				-0.953915,-0.300071,-0.000003,0.000000,
				0.300071,-0.953917,0.000001,0.000000,
				-0.000003,0.000000,1.000000,0.000000,
				2.174522,5.064499,-0.523440,1.000000;;
			}
			SI_FrameBasePoseMatrix {
				-0.953915,-0.300071,-0.000003,0.000000,
				0.300071,-0.953917,0.000001,0.000000,
				-0.000003,0.000000,1.000000,0.000000,
				2.174522,5.064499,-0.523440,1.000000;;
			}
				Frame frm-lleg_low {
					FrameTransformMatrix {
						-0.782280,0.228835,-0.579372,0.000000,
						0.319041,0.946018,-0.057125,0.000000,
						0.535024,-0.229532,-0.813059,0.000000,
						-0.000000,1.809688,0.000000,1.000000;;
					}
					SI_FrameBasePoseMatrix {
						-0.782280,0.228835,-0.579372,0.000000,
						0.319041,0.946018,-0.057125,0.000000,
						0.535024,-0.229532,-0.813059,0.000000,
						-0.000000,1.809688,0.000000,1.000000;;
					}
						Frame frm-lfoot {
							FrameTransformMatrix {
								0.814898,-0.020466,-0.579242,0.000000,
								-0.578306,0.038139,-0.814928,0.000000,
								0.038770,0.999063,0.019243,0.000000,
								0.000000,3.203576,-0.000000,1.000000;;
							}
							SI_FrameBasePoseMatrix {
								0.814898,-0.020466,-0.579242,0.000000,
								-0.578306,0.038139,-0.814928,0.000000,
								0.038770,0.999063,0.019243,0.000000,
								0.000000,3.203576,-0.000000,1.000000;;
							}
								Frame frm-ltoes {
									FrameTransformMatrix {
										1.000000,0.000000,-0.000000,0.000000,
										-0.000000,0.995459,-0.095186,0.000000,
										0.000000,0.095186,0.995459,0.000000,
										-0.000000,0.992912,0.000000,1.000000;;
									}
									SI_FrameBasePoseMatrix {
										1.000000,0.000000,-0.000000,0.000000,
										-0.000000,0.995459,-0.095186,0.000000,
										0.000000,0.095186,0.995459,0.000000,
										-0.000000,0.992912,0.000000,1.000000;;
									}
								}
						}
				}
		}
		Frame frm-lhorn {
			FrameTransformMatrix {
				0.998877,0.031980,-0.034966,0.000000,
				0.034012,0.029914,0.998974,0.000000,
				0.032993,-0.999041,0.028793,0.000000,
				1.344067,7.543023,-0.624767,1.000000;;
			}
			SI_FrameBasePoseMatrix {
				0.998877,0.031980,-0.034966,0.000000,
				0.034012,0.029914,0.998974,0.000000,
				0.032993,-0.999041,0.028793,0.000000,
				1.344067,7.543023,-0.624767,1.000000;;
			}
		}
		Frame frm-rwsk_a1 {
			FrameTransformMatrix {
				0.303621,0.912756,-0.273297,0.000000,
				-0.912756,0.196365,-0.358214,0.000000,
				-0.273296,0.358215,0.892744,0.000000,
				-0.999776,6.189647,1.828068,1.000000;;
			}
			SI_FrameBasePoseMatrix {
				0.303621,0.912756,-0.273297,0.000000,
				-0.912756,0.196365,-0.358214,0.000000,
				-0.273296,0.358215,0.892744,0.000000,
				-0.999776,6.189647,1.828068,1.000000;;
			}
				Frame frm-rwsk_a2 {
					FrameTransformMatrix {
						0.779163,-0.626688,-0.012933,0.000000,
						0.321840,0.417679,-0.849684,0.000000,
						0.537889,0.657880,0.527133,0.000000,
						-0.000001,1.653947,-0.000000,1.000000;;
					}
					SI_FrameBasePoseMatrix {
						0.779163,-0.626688,-0.012933,0.000000,
						0.321840,0.417679,-0.849684,0.000000,
						0.537889,0.657880,0.527133,0.000000,
						-0.000001,1.653947,-0.000000,1.000000;;
					}
				}
		}
		Frame frm-rwsk_b1 {
			FrameTransformMatrix {
				-0.146085,0.978559,-0.145194,0.000000,
				-0.978559,-0.164479,-0.123969,0.000000,
				-0.145193,0.123971,0.981606,0.000000,
				-0.591656,5.372601,2.277413,1.000000;;
			}
			SI_FrameBasePoseMatrix {
				-0.146085,0.978559,-0.145194,0.000000,
				-0.978559,-0.164479,-0.123969,0.000000,
				-0.145193,0.123971,0.981606,0.000000,
				-0.591656,5.372601,2.277413,1.000000;;
			}
				Frame frm-rwsk_b2 {
					FrameTransformMatrix {
						0.933761,0.310851,0.177375,0.000000,
						-0.056706,0.617842,-0.784255,0.000000,
						-0.353376,0.722248,0.594544,0.000000,
						0.000001,1.646883,-0.000000,1.000000;;
					}
					SI_FrameBasePoseMatrix {
						0.933761,0.310851,0.177375,0.000000,
						-0.056706,0.617842,-0.784255,0.000000,
						-0.353376,0.722248,0.594544,0.000000,
						0.000001,1.646883,-0.000000,1.000000;;
					}
				}
		}
		Frame frm-rwsk_c1 {
			FrameTransformMatrix {
				-0.566006,0.793110,0.224977,0.000000,
				-0.793110,-0.598327,0.113941,0.000000,
				0.224977,-0.113940,0.967679,0.000000,
				-0.688229,4.087585,1.513421,1.000000;;
			}
			SI_FrameBasePoseMatrix {
				-0.566006,0.793110,0.224977,0.000000,
				-0.793110,-0.598327,0.113941,0.000000,
				0.224977,-0.113940,0.967679,0.000000,
				-0.688229,4.087585,1.513421,1.000000;;
			}
				Frame frm-rwsk_c2 {
					FrameTransformMatrix {
						0.972881,0.028504,-0.229542,0.000000,
						-0.152322,0.825767,-0.543052,0.000000,
						0.174069,0.563290,0.807716,0.000000,
						0.000000,1.474546,0.000000,1.000000;;
					}
					SI_FrameBasePoseMatrix {
						0.972881,0.028504,-0.229542,0.000000,
						-0.152322,0.825767,-0.543052,0.000000,
						0.174069,0.563290,0.807716,0.000000,
						0.000000,1.474546,0.000000,1.000000;;
					}
				}
		}
		Frame frm-other {
			FrameTransformMatrix {
				1.000000,0.000000,0.000000,0.000000,
				0.000000,0.000000,1.000000,0.000000,
				0.000000,-1.000000,0.000000,0.000000,
				0.000000,5.765172,-1.056992,1.000000;;
			}
			SI_FrameBasePoseMatrix {
				1.000000,0.000000,0.000000,0.000000,
				0.000000,0.000000,1.000000,0.000000,
				0.000000,-1.000000,0.000000,0.000000,
				0.000000,5.765172,-1.056992,1.000000;;
			}
		}
		Frame frm-lwsk_a1 {
			FrameTransformMatrix {
				0.303619,0.260547,0.916477,0.000000,
				0.912757,0.196365,-0.358212,0.000000,
				-0.273295,0.945281,-0.178196,0.000000,
				0.999773,6.189647,1.828071,1.000000;;
			}
			SI_FrameBasePoseMatrix {
				0.303619,0.260547,0.916477,0.000000,
				0.912757,0.196365,-0.358212,0.000000,
				-0.273295,0.945281,-0.178196,0.000000,
				0.999773,6.189647,1.828071,1.000000;;
			}
				Frame frm-lwsk_a2 {
					FrameTransformMatrix {
						0.473328,0.824857,0.309146,0.000000,
						-0.878744,0.417679,0.230985,0.000000,
						0.061406,-0.380992,0.922537,0.000000,
						0.000000,1.653947,0.000001,1.000000;;
					}
					SI_FrameBasePoseMatrix {
						0.473328,0.824857,0.309146,0.000000,
						-0.878744,0.417679,0.230985,0.000000,
						0.061406,-0.380992,0.922537,0.000000,
						0.000000,1.653947,0.000001,1.000000;;
					}
				}
		}
		Frame frm-lwsk_b1 {
			FrameTransformMatrix {
				-0.146084,-0.129973,-0.980697,0.000000,
				0.978560,-0.164479,-0.123967,0.000000,
				-0.145191,-0.977780,0.151214,0.000000,
				0.591651,5.372601,2.277415,1.000000;;
			}
			SI_FrameBasePoseMatrix {
				-0.146084,-0.129973,-0.980697,0.000000,
				0.978560,-0.164479,-0.123967,0.000000,
				-0.145191,-0.977780,0.151214,0.000000,
				0.591651,5.372601,2.277415,1.000000;;
			}
				Frame frm-lwsk_b2 {
					FrameTransformMatrix {
						0.454629,-0.516374,-0.725721,0.000000,
						0.784588,0.617842,0.051893,0.000000,
						0.421585,-0.592984,0.686030,0.000000,
						0.000000,1.646884,0.000000,1.000000;;
					}
					SI_FrameBasePoseMatrix {
						0.454629,-0.516374,-0.725721,0.000000,
						0.784588,0.617842,0.051893,0.000000,
						0.421585,-0.592984,0.686030,0.000000,
						0.000000,1.646884,0.000000,1.000000;;
					}
				}
		}
		Frame frm-lwsk_c1 {
			FrameTransformMatrix {
				-0.566006,-0.654909,0.500730,0.000000,
				0.793109,-0.598327,0.113943,0.000000,
				0.224978,0.461626,0.858071,0.000000,
				0.688227,4.087585,1.513423,1.000000;;
			}
			SI_FrameBasePoseMatrix {
				-0.566006,-0.654909,0.500730,0.000000,
				0.793109,-0.598327,0.113943,0.000000,
				0.224978,0.461626,0.858071,0.000000,
				0.688227,4.087585,1.513423,1.000000;;
			}
				Frame frm-lwsk_c2 {
					FrameTransformMatrix {
						-0.055509,0.503768,0.862054,0.000000,
						-0.262052,0.825767,-0.499437,0.000000,
						-0.963456,-0.253626,0.086176,0.000000,
						0.000000,1.474546,-0.000000,1.000000;;
					}
					SI_FrameBasePoseMatrix {
						-0.055509,0.503768,0.862054,0.000000,
						-0.262052,0.825767,-0.499437,0.000000,
						-0.963456,-0.253626,0.086176,0.000000,
						0.000000,1.474546,-0.000000,1.000000;;
					}
				}
		}
}

AnimationSet {
	Animation anim-rleg {
		{frm-rleg}
		SI_AnimationKey {
			2;
			3;
			1;3;-2.174518,5.064499,-0.523447;;,
			16;3;-2.174518,5.164499,-0.523447;;,
			32;3;-2.174518,5.064499,-0.523447;;;
		}
		SI_AnimationKey {
			0;
			3;
			1;4;0.151795,0.000002,-0.000000,-0.988412;;,
			16;4;0.151795,0.000002,-0.000000,-0.988412;;,
			32;4;0.151795,0.000002,-0.000000,-0.988412;;;
		}
	}
	Animation anim-rleg_low {
		{frm-rleg_low}
		SI_AnimationKey {
			2;
			3;
			1;3;-0.000000,1.809688,0.000000;;,
			16;3;-0.000000,1.809688,0.000000;;,
			32;3;-0.000000,1.809688,0.000000;;;
		}
		SI_AnimationKey {
			0;
			3;
			1;4;0.306145,0.162719,-0.937702,-0.022664;;,
			16;4;0.264707,0.165628,-0.949844,-0.017140;;,
			32;4;0.306145,0.162719,-0.937702,-0.022664;;;
		}
	}
	Animation anim-rfoot {
		{frm-rfoot}
		SI_AnimationKey {
			2;
			3;
			1;3;-0.000000,3.203576,-0.000000;;,
			16;3;-0.004993,3.303393,-0.003448;;,
			32;3;-0.000000,3.203576,-0.000000;;;
		}
		SI_AnimationKey {
			0;
			3;
			1;4;0.687943,0.657826,-0.214026,-0.219530;;,
			16;4;0.697709,0.665581,-0.182403,-0.192181;;,
			32;4;0.687943,0.657826,-0.214026,-0.219530;;;
		}
	}
	Animation anim-rtoes {
		{frm-rtoes}
		SI_AnimationKey {
			2;
			3;
			1;3;-0.000000,0.992858,-0.000000;;,
			16;3;-0.000000,0.992858,0.000000;;,
			32;3;-0.000000,0.992858,-0.000000;;;
		}
		SI_AnimationKey {
			0;
			3;
			1;4;0.998864,0.047647,-0.000000,-0.000000;;,
			16;4;0.998864,0.047647,-0.000000,-0.000000;;,
			32;4;0.998864,0.047647,-0.000000,-0.000000;;;
		}
	}
	Animation anim-rhorn {
		{frm-rhorn}
		SI_AnimationKey {
			2;
			3;
			1;3;-1.344062,7.543023,-0.624771;;,
			16;3;-1.344062,7.468023,-0.624771;;,
			32;3;-1.344062,7.543023,-0.624771;;;
		}
		SI_AnimationKey {
			0;
			3;
			1;4;0.717605,-0.696047,-0.000000,-0.023700;;,
			16;4;0.648020,-0.761254,0.002258,-0.023593;;,
			32;4;0.717605,-0.696047,-0.000000,-0.023700;;;
		}
	}
	Animation anim-lleg {
		{frm-lleg}
		SI_AnimationKey {
			2;
			3;
			1;3;2.174522,5.064499,-0.523440;;,
			16;3;2.174522,5.164499,-0.523440;;,
			32;3;2.174522,5.064499,-0.523440;;;
		}
		SI_AnimationKey {
			0;
			3;
			1;4;0.151795,-0.000001,0.000000,0.988412;;,
			16;4;0.151795,-0.000001,0.000000,0.988412;;,
			32;4;0.151795,-0.000001,0.000000,0.988412;;;
		}
	}
	Animation anim-lleg_low {
		{frm-lleg_low}
		SI_AnimationKey {
			2;
			3;
			1;3;-0.000000,1.809688,0.000000;;,
			16;3;-0.000000,1.809688,0.000000;;,
			32;3;-0.000000,1.809688,0.000000;;;
		}
		SI_AnimationKey {
			0;
			3;
			1;4;0.296091,-0.145569,-0.940925,0.076164;;,
			16;4;0.336866,-0.144724,-0.926712,0.082350;;,
			32;4;0.296091,-0.145569,-0.940925,0.076164;;;
		}
	}
	Animation anim-lfoot {
		{frm-lfoot}
		SI_AnimationKey {
			2;
			3;
			1;3;0.000000,3.203576,-0.000000;;,
			16;3;-0.001645,3.303392,-0.005841;;,
			32;3;0.000000,3.203576,-0.000000;;;
		}
		SI_AnimationKey {
			0;
			3;
			1;4;0.684156,0.662857,-0.225830,-0.203842;;,
			16;4;0.673717,0.653266,-0.257238,-0.230603;;,
			32;4;0.684156,0.662857,-0.225830,-0.203842;;;
		}
	}
	Animation anim-ltoes {
		{frm-ltoes}
		SI_AnimationKey {
			2;
			3;
			1;3;-0.000000,0.992912,0.000000;;,
			16;3;0.000000,0.992912,0.000000;;,
			32;3;-0.000000,0.992912,0.000000;;;
		}
		SI_AnimationKey {
			0;
			3;
			1;4;0.998864,0.047647,-0.000000,-0.000000;;,
			16;4;0.998864,0.047647,-0.000000,-0.000000;;,
			32;4;0.998864,0.047647,-0.000000,-0.000000;;;
		}
	}
	Animation anim-lhorn {
		{frm-lhorn}
		SI_AnimationKey {
			2;
			3;
			1;3;1.344067,7.543023,-0.624767;;,
			16;3;1.344067,7.468023,-0.624767;;,
			32;3;1.344067,7.543023,-0.624767;;;
		}
		SI_AnimationKey {
			0;
			3;
			1;4;0.717214,-0.696450,-0.023689,0.000708;;,
			16;4;0.647592,-0.761618,-0.023648,-0.001552;;,
			32;4;0.717214,-0.696450,-0.023689,0.000708;;;
		}
	}
	Animation anim-rwsk_a1 {
		{frm-rwsk_a1}
		SI_AnimationKey {
			2;
			3;
			1;3;-0.999776,6.189647,1.828068;;,
			16;3;-0.869058,6.083776,1.955290;;,
			32;3;-0.999776,6.189647,1.828068;;;
		}
		SI_AnimationKey {
			0;
			3;
			1;4;0.773422,0.231578,-0.000000,-0.590076;;,
			16;4;0.773422,0.231578,-0.000000,-0.590076;;,
			32;4;0.773422,0.231578,-0.000000,-0.590076;;;
		}
	}
	Animation anim-rwsk_a2 {
		{frm-rwsk_a2}
		SI_AnimationKey {
			2;
			3;
			1;3;-0.000001,1.653947,-0.000000;;,
			16;3;-0.000001,1.653947,-0.000000;;,
			32;3;-0.000001,1.653947,-0.000000;;;
		}
		SI_AnimationKey {
			0;
			3;
			1;4;0.825224,0.456714,-0.166870,0.287355;;,
			16;4;0.803194,0.484066,-0.155339,0.310531;;,
			32;4;0.825224,0.456714,-0.166870,0.287355;;;
		}
	}
	Animation anim-rwsk_b1 {
		{frm-rwsk_b1}
		SI_AnimationKey {
			2;
			3;
			1;3;-0.591656,5.372601,2.277413;;,
			16;3;-0.514299,5.325480,2.297809;;,
			32;3;-0.591656,5.372601,2.277413;;;
		}
		SI_AnimationKey {
			0;
			3;
			1;4;0.646344,0.095901,-0.000000,-0.756996;;,
			16;4;0.646344,0.095901,-0.000000,-0.756996;;,
			32;4;0.646344,0.095901,-0.000000,-0.756996;;;
		}
	}
	Animation anim-rwsk_b2 {
		{frm-rwsk_b2}
		SI_AnimationKey {
			2;
			3;
			1;3;0.000001,1.646883,-0.000000;;,
			16;3;-0.000000,1.646884,-0.000000;;,
			32;3;0.000001,1.646883,-0.000000;;;
		}
		SI_AnimationKey {
			0;
			3;
			1;4;0.886869,0.424669,0.149614,-0.103611;;,
			16;4;0.902518,0.386344,0.162553,-0.098875;;,
			32;4;0.886869,0.424669,0.149614,-0.103611;;;
		}
	}
	Animation anim-rwsk_c1 {
		{frm-rwsk_c1}
		SI_AnimationKey {
			2;
			3;
			1;3;-0.688229,4.087585,1.513421;;,
			16;3;-0.598245,3.940575,1.365804;;,
			32;3;-0.688229,4.087585,1.513421;;;
		}
		SI_AnimationKey {
			0;
			3;
			1;4;0.448148,-0.127124,-0.000000,-0.884875;;,
			16;4;0.448148,-0.127124,-0.000000,-0.884875;;,
			32;4;0.448148,-0.127124,-0.000000,-0.884875;;;
		}
	}
	Animation anim-rwsk_c2 {
		{frm-rwsk_c2}
		SI_AnimationKey {
			2;
			3;
			1;3;0.000000,1.474546,0.000000;;,
			16;3;-0.000000,1.474547,0.000000;;,
			32;3;0.000000,1.474546,0.000000;;;
		}
		SI_AnimationKey {
			0;
			3;
			1;4;0.949521,0.291289,-0.106267,-0.047610;;,
			16;4;0.935531,0.323146,-0.131147,-0.056210;;,
			32;4;0.949521,0.291289,-0.106267,-0.047610;;;
		}
	}
	Animation anim-other {
		{frm-other}
		SI_AnimationKey {
			2;
			3;
			1;3;0.000000,5.765172,-1.056992;;,
			16;3;0.000000,5.665173,-1.056991;;,
			32;3;0.000000,5.765172,-1.056992;;;
		}
		SI_AnimationKey {
			0;
			3;
			1;4;0.707107,-0.707107,0.000000,0.000000;;,
			16;4;0.707107,-0.707107,0.000000,0.000000;;,
			32;4;0.707107,-0.707107,0.000000,0.000000;;;
		}
	}
	Animation anim-lwsk_a1 {
		{frm-lwsk_a1}
		SI_AnimationKey {
			2;
			3;
			1;3;0.999773,6.189647,1.828071;;,
			16;3;0.869055,6.083776,1.955292;;,
			32;3;0.999773,6.189647,1.828071;;;
		}
		SI_AnimationKey {
			0;
			3;
			1;4;0.574845,0.566889,0.517432,0.283646;;,
			16;4;0.574845,0.566889,0.517432,0.283646;;,
			32;4;0.574845,0.566889,0.517432,0.283646;;;
		}
	}
	Animation anim-lwsk_a2 {
		{frm-lwsk_a2}
		SI_AnimationKey {
			2;
			3;
			1;3;0.000000,1.653947,0.000001;;,
			16;3;-0.000000,1.653947,-0.000000;;,
			32;3;0.000000,1.653947,0.000001;;;
		}
		SI_AnimationKey {
			0;
			3;
			1;4;0.838681,-0.182422,0.073848,-0.507821;;,
			16;4;0.815503,-0.199175,0.064844,-0.539517;;,
			32;4;0.838681,-0.182422,0.073848,-0.507821;;;
		}
	}
	Animation anim-lwsk_b1 {
		{frm-lwsk_b1}
		SI_AnimationKey {
			2;
			3;
			1;3;0.591651,5.372601,2.277415;;,
			16;3;0.514294,5.325481,2.297810;;,
			32;3;0.591651,5.372601,2.277415;;;
		}
		SI_AnimationKey {
			0;
			3;
			1;4;0.458435,-0.465613,-0.455629,0.604520;;,
			16;4;0.458435,-0.465613,-0.455629,0.604520;;,
			32;4;0.458435,-0.465613,-0.455629,0.604520;;;
		}
	}
	Animation anim-lwsk_b2 {
		{frm-lwsk_b2}
		SI_AnimationKey {
			2;
			3;
			1;3;0.000000,1.646884,0.000000;;,
			16;3;-0.000000,1.646884,-0.000000;;,
			32;3;0.000000,1.646884,0.000000;;;
		}
		SI_AnimationKey {
			0;
			3;
			1;4;0.830437,-0.194138,-0.345392,0.391650;;,
			16;4;0.842772,-0.181120,-0.361522,0.355294;;,
			32;4;0.830437,-0.194138,-0.345392,0.391650;;;
		}
	}
	Animation anim-lwsk_c1 {
		{frm-lwsk_c1}
		SI_AnimationKey {
			2;
			3;
			1;3;0.688227,4.087585,1.513423;;,
			16;3;0.598243,3.940575,1.365806;;,
			32;3;0.688227,4.087585,1.513423;;;
		}
		SI_AnimationKey {
			0;
			3;
			1;4;0.416455,0.208716,0.165536,0.869253;;,
			16;4;0.416455,0.208716,0.165536,0.869253;;,
			32;4;0.416455,0.208716,0.165536,0.869253;;;
		}
	}
	Animation anim-lwsk_c2 {
		{frm-lwsk_c2}
		SI_AnimationKey {
			2;
			3;
			1;3;0.000000,1.474546,-0.000000;;,
			16;3;0.000000,1.474546,0.000000;;,
			32;3;0.000000,1.474546,-0.000000;;;
		}
		SI_AnimationKey {
			0;
			3;
			1;4;0.681255,0.090205,0.669907,-0.281033;;,
			16;4;0.654887,0.103426,0.680837,-0.311266;;,
			32;4;0.681255,0.090205,0.669907,-0.281033;;;
		}
	}
}

SI_EnvelopeList {
	24;
	SI_Envelope {
		"frm-body";
		"frm-rwsk_c2";
		9;
		181;100.000000;,
		182;100.000000;,
		183;100.000000;,
		184;100.000000;,
		193;100.000000;,
		194;100.000000;,
		195;100.000000;,
		196;100.000000;,
		199;100.000000;;
	}
	SI_Envelope {
		"frm-body";
		"frm-other";
		51;
		0;100.000000;,
		1;100.000000;,
		2;100.000000;,
		4;100.000000;,
		6;100.000000;,
		7;100.000000;,
		8;100.000000;,
		9;100.000000;,
		11;100.000000;,
		12;100.000000;,
		13;100.000000;,
		38;100.000000;,
		78;100.000000;,
		79;100.000000;,
		83;100.000000;,
		84;100.000000;,
		103;100.000000;,
		104;100.000000;,
		113;100.000000;,
		114;100.000000;,
		115;100.000000;,
		116;100.000000;,
		117;100.000000;,
		118;100.000000;,
		119;100.000000;,
		120;100.000000;,
		121;100.000000;,
		122;100.000000;,
		123;100.000000;,
		125;100.000000;,
		126;100.000000;,
		127;100.000000;,
		129;100.000000;,
		130;100.000000;,
		131;100.000000;,
		132;100.000000;,
		134;100.000000;,
		135;100.000000;,
		136;100.000000;,
		161;100.000000;,
		162;100.000000;,
		202;100.000000;,
		203;100.000000;,
		204;100.000000;,
		205;100.000000;,
		209;100.000000;,
		210;100.000000;,
		211;100.000000;,
		212;100.000000;,
		231;100.000000;,
		232;100.000000;;
	}
	SI_Envelope {
		"frm-body";
		"frm-rhorn";
		9;
		230;100.000000;,
		233;100.000000;,
		234;100.000000;,
		235;100.000000;,
		236;100.000000;,
		237;100.000000;,
		238;100.000000;,
		239;100.000000;,
		240;100.000000;;
	}
	SI_Envelope {
		"frm-body";
		"frm-rwsk_b1";
		4;
		167;100.000000;,
		168;100.000000;,
		169;100.000000;,
		170;100.000000;;
	}
	SI_Envelope {
		"frm-body";
		"frm-rleg";
		15;
		133;100.000000;,
		137;100.000000;,
		138;100.000000;,
		139;100.000000;,
		140;100.000000;,
		141;100.000000;,
		142;100.000000;,
		143;100.000000;,
		144;100.000000;,
		145;100.000000;,
		206;100.000000;,
		207;100.000000;,
		208;100.000000;,
		213;100.000000;,
		214;100.000000;;
	}
	SI_Envelope {
		"frm-body";
		"frm-lwsk_a1";
		4;
		3;100.000000;,
		5;100.000000;,
		47;100.000000;,
		48;100.000000;;
	}
	SI_Envelope {
		"frm-body";
		"frm-rwsk_a2";
		9;
		173;100.000000;,
		174;100.000000;,
		175;100.000000;,
		176;100.000000;,
		185;100.000000;,
		186;100.000000;,
		187;100.000000;,
		188;100.000000;,
		197;100.000000;;
	}
	SI_Envelope {
		"frm-body";
		"frm-lfoot";
		13;
		23;100.000000;,
		24;100.000000;,
		34;100.000000;,
		35;100.000000;,
		36;100.000000;,
		76;100.000000;,
		77;100.000000;,
		90;100.000000;,
		91;100.000000;,
		92;100.000000;,
		93;100.000000;,
		94;100.000000;,
		95;100.000000;;
	}
	SI_Envelope {
		"frm-body";
		"frm-lleg";
		15;
		10;100.000000;,
		14;100.000000;,
		15;100.000000;,
		16;100.000000;,
		17;100.000000;,
		18;100.000000;,
		19;100.000000;,
		20;100.000000;,
		21;100.000000;,
		22;100.000000;,
		80;100.000000;,
		81;100.000000;,
		82;100.000000;,
		85;100.000000;,
		86;100.000000;;
	}
	SI_Envelope {
		"frm-body";
		"frm-rfoot";
		13;
		146;100.000000;,
		147;100.000000;,
		157;100.000000;,
		158;100.000000;,
		159;100.000000;,
		200;100.000000;,
		201;100.000000;,
		218;100.000000;,
		219;100.000000;,
		220;100.000000;,
		221;100.000000;,
		222;100.000000;,
		223;100.000000;;
	}
	SI_Envelope {
		"frm-body";
		"frm-rtoes";
		7;
		160;100.000000;,
		224;100.000000;,
		225;100.000000;,
		226;100.000000;,
		227;100.000000;,
		228;100.000000;,
		229;100.000000;;
	}
	SI_Envelope {
		"frm-body";
		"frm-lwsk_c2";
		9;
		57;100.000000;,
		58;100.000000;,
		59;100.000000;,
		60;100.000000;,
		69;100.000000;,
		70;100.000000;,
		71;100.000000;,
		72;100.000000;,
		75;100.000000;;
	}
	SI_Envelope {
		"frm-body";
		"frm-lwsk_a2";
		9;
		49;100.000000;,
		50;100.000000;,
		51;100.000000;,
		52;100.000000;,
		61;100.000000;,
		62;100.000000;,
		63;100.000000;,
		64;100.000000;,
		73;100.000000;;
	}
	SI_Envelope {
		"frm-body";
		"frm-lwsk_b2";
		9;
		53;100.000000;,
		54;100.000000;,
		55;100.000000;,
		56;100.000000;,
		65;100.000000;,
		66;100.000000;,
		67;100.000000;,
		68;100.000000;,
		74;100.000000;;
	}
	SI_Envelope {
		"frm-body";
		"frm-lwsk_c1";
		4;
		39;100.000000;,
		40;100.000000;,
		41;100.000000;,
		42;100.000000;;
	}
	SI_Envelope {
		"frm-body";
		"frm-rwsk_c1";
		4;
		163;100.000000;,
		164;100.000000;,
		165;100.000000;,
		166;100.000000;;
	}
	SI_Envelope {
		"frm-body";
		"frm-ltoes";
		7;
		37;100.000000;,
		96;100.000000;,
		97;100.000000;,
		98;100.000000;,
		99;100.000000;,
		100;100.000000;,
		101;100.000000;;
	}
	SI_Envelope {
		"frm-body";
		"frm-lleg_low";
		12;
		25;100.000000;,
		26;100.000000;,
		27;100.000000;,
		28;100.000000;,
		29;100.000000;,
		30;100.000000;,
		31;100.000000;,
		32;100.000000;,
		33;100.000000;,
		87;100.000000;,
		88;100.000000;,
		89;100.000000;;
	}
	SI_Envelope {
		"frm-body";
		"frm-rwsk_a1";
		4;
		124;100.000000;,
		128;100.000000;,
		171;100.000000;,
		172;100.000000;;
	}
	SI_Envelope {
		"frm-body";
		"frm-lwsk_b1";
		4;
		43;100.000000;,
		44;100.000000;,
		45;100.000000;,
		46;100.000000;;
	}
	SI_Envelope {
		"frm-body";
		"frm-lhorn";
		9;
		102;100.000000;,
		105;100.000000;,
		106;100.000000;,
		107;100.000000;,
		108;100.000000;,
		109;100.000000;,
		110;100.000000;,
		111;100.000000;,
		112;100.000000;;
	}
	SI_Envelope {
		"frm-body";
		"frm-rleg_low";
		12;
		148;100.000000;,
		149;100.000000;,
		150;100.000000;,
		151;100.000000;,
		152;100.000000;,
		153;100.000000;,
		154;100.000000;,
		155;100.000000;,
		156;100.000000;,
		215;100.000000;,
		216;100.000000;,
		217;100.000000;;
	}
	SI_Envelope {
		"frm-body";
		"frm-rwsk_b2";
		9;
		177;100.000000;,
		178;100.000000;,
		179;100.000000;,
		180;100.000000;,
		189;100.000000;,
		190;100.000000;,
		191;100.000000;,
		192;100.000000;,
		198;100.000000;;
	}
	SI_Envelope {
		"frm-cockpit";
		"frm-other";
		6;
		0;100.000000;,
		1;100.000000;,
		2;100.000000;,
		3;100.000000;,
		4;100.000000;,
		5;100.000000;;
	}
}
