xsi 0101txt 0032

SI_CoordinateSystem coord {
	1;
	0;
	1;
	0;
	2;
	5;
}

Frame frm-hp_bones {
	FrameTransformMatrix {
		1.000000,0.000002,0.000000,0.000000,
		-0.000002,1.000000,-0.000001,0.000000,
		-0.000000,0.000001,1.000000,0.000000,
		0.000001,0.000001,-0.880770,1.000000;;
	}
		Frame frm-body {
			FrameTransformMatrix {
				1.000000,0.000000,0.000000,0.000000,
				0.000000,1.000000,0.000000,0.000000,
				0.000000,0.000000,1.000000,0.000000,
				-0.000008,4.018449,0.032715,1.000000;;
			}
				Frame frm-cockpit {
					FrameTransformMatrix {
						1.000000,-0.000000,-0.000000,0.000000,
						-0.000000,1.000000,0.000000,0.000000,
						0.000000,-0.000000,1.000000,0.000000,
						-0.000005,3.519198,0.288934,1.000000;;
					}
				}
		}
		Frame frm-rleg {
			FrameTransformMatrix {
				-0.953915,0.300071,-0.000003,0.000000,
				-0.300071,-0.953917,0.000000,0.000000,
				-0.000003,0.000001,1.000000,0.000000,
				-2.174518,5.064499,-0.523447,1.000000;;
			}
			SI_FrameBasePoseMatrix {
				-0.953915,0.300071,-0.000003,0.000000,
				-0.259868,-0.826117,-0.500000,0.000000,
				-0.150038,-0.476957,0.866026,0.000000,
				-2.174518,4.814499,-0.523446,1.000000;;
			}
				Frame frm-rleg_low {
					FrameTransformMatrix {
						-0.759596,-0.291286,-0.581521,0.000000,
						-0.319041,0.946018,-0.057126,0.000000,
						0.566769,0.142136,-0.811523,0.000000,
						-0.000000,1.809688,0.000000,1.000000;;
					}
					SI_FrameBasePoseMatrix {
						-0.759596,-0.291286,-0.581521,0.000000,
						-0.319041,0.946018,-0.057126,0.000000,
						0.566769,0.142136,-0.811523,0.000000,
						0.000000,1.809688,0.000000,1.000000;;
					}
						Frame frm-rfoot {
							FrameTransformMatrix {
								0.811999,0.020464,-0.583300,0.000000,
								-0.583632,0.038144,-0.811122,0.000000,
								0.005651,0.999063,0.042917,0.000000,
								-0.000000,3.203576,-0.000000,1.000000;;
							}
							SI_FrameBasePoseMatrix {
								0.835581,-0.047184,-0.547337,0.000000,
								-0.504259,-0.461244,-0.730053,0.000000,
								-0.218009,0.886018,-0.409200,0.000000,
								-0.118927,3.552080,-0.180282,1.000000;;
							}
								Frame frm-rtoes {
									FrameTransformMatrix {
										1.000000,0.000000,-0.000001,0.000000,
										-0.000000,0.995460,-0.095186,0.000000,
										0.000001,0.095186,0.995460,0.000000,
										-0.000000,0.992858,-0.000000,1.000000;;
									}
									SI_FrameBasePoseMatrix {
										1.000000,0.000000,-0.000001,0.000000,
										-0.000000,0.995460,-0.095186,0.000000,
										0.000001,0.095186,0.995460,0.000000,
										0.000000,0.992858,0.000000,1.000000;;
									}
								}
						}
				}
		}
		Frame frm-rhorn {
			FrameTransformMatrix {
				0.998877,0.034015,0.032993,0.000000,
				-0.034015,0.029914,0.998974,0.000000,
				0.032993,-0.998974,0.031037,0.000000,
				-1.344062,7.543023,-0.624771,1.000000;;
			}
			SI_FrameBasePoseMatrix {
				0.997951,0.048373,-0.041877,0.000000,
				0.053181,-0.263220,0.963269,0.000000,
				0.035573,-0.963522,-0.265254,0.000000,
				-1.301277,7.522825,-0.447561,1.000000;;
			}
		}
		Frame frm-lleg {
			FrameTransformMatrix {
				-0.953915,-0.300071,-0.000003,0.000000,
				0.300071,-0.953917,0.000001,0.000000,
				-0.000003,0.000000,1.000000,0.000000,
				2.174522,5.064499,-0.523440,1.000000;;
			}
			SI_FrameBasePoseMatrix {
				-0.939423,-0.300071,-0.165648,0.000000,
				0.169096,-0.826116,0.537531,0.000000,
				-0.298142,0.476959,0.826814,0.000000,
				2.174522,5.064499,-0.223440,1.000000;;
			}
				Frame frm-lleg_low {
					FrameTransformMatrix {
						-0.782280,0.228835,-0.579372,0.000000,
						0.319041,0.946018,-0.057125,0.000000,
						0.535024,-0.229532,-0.813059,0.000000,
						-0.000000,1.809688,0.000000,1.000000;;
					}
					SI_FrameBasePoseMatrix {
						-0.849666,0.011604,-0.527194,0.000000,
						0.346224,0.766357,-0.541134,0.000000,
						0.397739,-0.642311,-0.655165,0.000000,
						0.000000,1.809689,-0.000000,1.000000;;
					}
						Frame frm-lfoot {
							FrameTransformMatrix {
								0.814898,-0.020466,-0.579242,0.000000,
								-0.578306,0.038139,-0.814928,0.000000,
								0.038770,0.999063,0.019243,0.000000,
								0.000000,3.203576,-0.000000,1.000000;;
							}
							SI_FrameBasePoseMatrix {
								0.903440,-0.044750,-0.426372,0.000000,
								-0.418653,0.122115,-0.899899,0.000000,
								0.092337,0.991507,0.091589,0.000000,
								-0.000000,3.203577,-0.000000,1.000000;;
							}
								Frame frm-ltoes {
									FrameTransformMatrix {
										1.000000,0.000000,-0.000000,0.000000,
										-0.000000,0.995459,-0.095186,0.000000,
										0.000000,0.095186,0.995459,0.000000,
										-0.000000,0.992912,0.000000,1.000000;;
									}
									SI_FrameBasePoseMatrix {
										1.000000,0.000000,-0.000000,0.000000,
										-0.000000,0.995460,-0.095186,0.000000,
										0.000000,0.095186,0.995460,0.000000,
										-0.000000,0.992912,0.000000,1.000000;;
									}
								}
						}
				}
		}
		Frame frm-lhorn {
			FrameTransformMatrix {
				0.998877,0.031980,-0.034966,0.000000,
				0.034012,0.029914,0.998974,0.000000,
				0.032993,-0.999041,0.028793,0.000000,
				1.344067,7.543023,-0.624767,1.000000;;
			}
			SI_FrameBasePoseMatrix {
				0.992028,0.066221,-0.107215,0.000000,
				0.120949,-0.261487,0.957599,0.000000,
				0.035377,-0.962933,-0.267412,0.000000,
				1.376623,7.591324,-0.671605,1.000000;;
			}
		}
		Frame frm-rwsk_a1 {
			FrameTransformMatrix {
				0.303621,0.912756,-0.273297,0.000000,
				-0.912756,0.196365,-0.358214,0.000000,
				-0.273296,0.358215,0.892744,0.000000,
				-0.999776,6.189647,1.828068,1.000000;;
			}
			SI_FrameBasePoseMatrix {
				0.228104,0.922625,-0.311017,0.000000,
				-0.973148,0.205923,-0.102855,0.000000,
				-0.030851,0.326127,0.944822,0.000000,
				-0.744522,6.086043,1.917235,1.000000;;
			}
				Frame frm-rwsk_a2 {
					FrameTransformMatrix {
						0.779163,-0.626688,-0.012933,0.000000,
						0.321840,0.417679,-0.849684,0.000000,
						0.537889,0.657880,0.527133,0.000000,
						-0.000001,1.653947,-0.000000,1.000000;;
					}
					SI_FrameBasePoseMatrix {
						0.779163,-0.626688,-0.012933,0.000000,
						0.321840,0.417679,-0.849684,0.000000,
						0.537889,0.657880,0.527133,0.000000,
						0.000001,1.653947,0.000000,1.000000;;
					}
				}
		}
		Frame frm-rwsk_b1 {
			FrameTransformMatrix {
				-0.146085,0.978559,-0.145194,0.000000,
				-0.978559,-0.164479,-0.123969,0.000000,
				-0.145193,0.123971,0.981606,0.000000,
				-0.591656,5.372601,2.277413,1.000000;;
			}
			SI_FrameBasePoseMatrix {
				-0.158183,0.982567,-0.097677,0.000000,
				-0.985640,-0.163045,-0.043928,0.000000,
				-0.059088,0.089326,0.994248,0.000000,
				-0.298792,5.255114,2.300535,1.000000;;
			}
				Frame frm-rwsk_b2 {
					FrameTransformMatrix {
						0.933761,0.310851,0.177375,0.000000,
						-0.056706,0.617842,-0.784255,0.000000,
						-0.353376,0.722248,0.594544,0.000000,
						0.000001,1.646883,-0.000000,1.000000;;
					}
					SI_FrameBasePoseMatrix {
						0.933761,0.310851,0.177375,0.000000,
						-0.056706,0.617842,-0.784255,0.000000,
						-0.353376,0.722248,0.594544,0.000000,
						0.000000,1.646883,-0.000000,1.000000;;
					}
				}
		}
		Frame frm-rwsk_c1 {
			FrameTransformMatrix {
				-0.566006,0.793110,0.224977,0.000000,
				-0.793110,-0.598327,0.113941,0.000000,
				0.224977,-0.113940,0.967679,0.000000,
				-0.688229,4.087585,1.513421,1.000000;;
			}
			SI_FrameBasePoseMatrix {
				-0.544244,0.783083,0.300964,0.000000,
				-0.780161,-0.604336,0.161639,0.000000,
				0.308460,-0.146829,0.939837,0.000000,
				-0.461584,3.997149,1.503480,1.000000;;
			}
				Frame frm-rwsk_c2 {
					FrameTransformMatrix {
						0.972881,0.028504,-0.229542,0.000000,
						-0.152322,0.825767,-0.543052,0.000000,
						0.174069,0.563290,0.807716,0.000000,
						0.000000,1.474546,0.000000,1.000000;;
					}
					SI_FrameBasePoseMatrix {
						0.972881,0.028504,-0.229542,0.000000,
						-0.152322,0.825768,-0.543052,0.000000,
						0.174069,0.563290,0.807716,0.000000,
						-0.000000,1.474547,-0.000000,1.000000;;
					}
				}
		}
		Frame frm-other {
			FrameTransformMatrix {
				1.000000,0.000000,0.000000,0.000000,
				0.000000,0.000000,1.000000,0.000000,
				0.000000,-1.000000,0.000000,0.000000,
				0.000000,5.765172,-1.056992,1.000000;;
			}
			SI_FrameBasePoseMatrix {
				0.996195,0.003042,-0.087103,0.000000,
				0.087156,-0.034767,0.995588,0.000000,
				-0.000000,-0.999391,-0.034900,0.000000,
				0.000000,5.765172,-1.056992,1.000000;;
			}
		}
		Frame frm-lwsk_a1 {
			FrameTransformMatrix {
				0.303619,0.260547,0.916477,0.000000,
				0.912757,0.196365,-0.358212,0.000000,
				-0.273295,0.945281,-0.178196,0.000000,
				0.999773,6.189647,1.828071,1.000000;;
			}
			SI_FrameBasePoseMatrix {
				0.531961,0.229449,0.815090,0.000000,
				0.790180,0.211475,-0.575234,0.000000,
				-0.304358,0.950069,-0.068809,0.000000,
				1.247418,6.092125,1.743073,1.000000;;
			}
				Frame frm-lwsk_a2 {
					FrameTransformMatrix {
						0.473328,0.824857,0.309146,0.000000,
						-0.878744,0.417679,0.230985,0.000000,
						0.061406,-0.380992,0.922537,0.000000,
						0.000000,1.653947,0.000001,1.000000;;
					}
					SI_FrameBasePoseMatrix {
						0.473328,0.824857,0.309146,0.000000,
						-0.878743,0.417679,0.230985,0.000000,
						0.061406,-0.380992,0.922537,0.000000,
						0.000000,1.653947,0.000000,1.000000;;
					}
				}
		}
		Frame frm-lwsk_b1 {
			FrameTransformMatrix {
				-0.146084,-0.129973,-0.980697,0.000000,
				0.978560,-0.164479,-0.123967,0.000000,
				-0.145191,-0.977780,0.151214,0.000000,
				0.591651,5.372601,2.277415,1.000000;;
			}
			SI_FrameBasePoseMatrix {
				0.114068,-0.096242,-0.988800,0.000000,
				0.979221,-0.157092,0.128253,0.000000,
				-0.167676,-0.982883,0.076323,0.000000,
				0.880013,5.258713,2.197469,1.000000;;
			}
				Frame frm-lwsk_b2 {
					FrameTransformMatrix {
						0.454629,-0.516374,-0.725721,0.000000,
						0.784588,0.617842,0.051893,0.000000,
						0.421585,-0.592984,0.686030,0.000000,
						0.000000,1.646884,0.000000,1.000000;;
					}
					SI_FrameBasePoseMatrix {
						0.454629,-0.516374,-0.725721,0.000000,
						0.784588,0.617842,0.051893,0.000000,
						0.421585,-0.592984,0.686030,0.000000,
						-0.000000,1.646884,0.000000,1.000000;;
					}
				}
		}
		Frame frm-lwsk_c1 {
			FrameTransformMatrix {
				-0.566006,-0.654909,0.500730,0.000000,
				0.793109,-0.598327,0.113943,0.000000,
				0.224978,0.461626,0.858071,0.000000,
				0.688227,4.087585,1.513423,1.000000;;
			}
			SI_FrameBasePoseMatrix {
				-0.712998,-0.673641,0.194528,0.000000,
				0.681101,-0.599511,0.420343,0.000000,
				-0.166539,0.432197,0.886268,0.000000,
				0.909634,4.001335,1.383589,1.000000;;
			}
				Frame frm-lwsk_c2 {
					FrameTransformMatrix {
						-0.055509,0.503768,0.862054,0.000000,
						-0.262052,0.825767,-0.499437,0.000000,
						-0.963456,-0.253626,0.086176,0.000000,
						0.000000,1.474546,-0.000000,1.000000;;
					}
					SI_FrameBasePoseMatrix {
						-0.055509,0.503768,0.862054,0.000000,
						-0.262052,0.825767,-0.499436,0.000000,
						-0.963456,-0.253626,0.086176,0.000000,
						-0.000001,1.474547,-0.000000,1.000000;;
					}
				}
		}
}

AnimationSet {
	Animation anim-rleg {
		{frm-rleg}
		SI_AnimationKey {
			2;
			6;
			1;3;-2.174518,4.814499,-0.523446;;,
			5;3;-2.174518,5.417881,-0.464184;;,
			8;3;-2.174518,5.225860,-0.389814;;,
			16;3;-2.174519,5.064499,-0.223447;;,
			24;3;-2.174518,5.289499,-0.373447;;,
			32;3;-2.174518,4.814499,-0.523446;;;
		}
		SI_AnimationKey {
			0;
			6;
			1;4;0.146622,0.039289,0.255819,-0.954733;;,
			5;4;0.149796,0.024554,0.159870,-0.975397;;,
			8;4;0.151730,0.004438,0.028886,-0.987990;;,
			16;4;0.123768,-0.122347,-0.267626,-0.947676;;,
			24;4;0.151795,0.000002,-0.000000,-0.988412;;,
			32;4;0.146622,0.039289,0.255819,-0.954733;;;
		}
	}
	Animation anim-rleg_low {
		{frm-rleg_low}
		SI_AnimationKey {
			2;
			5;
			1;3;0.000000,1.809688,0.000000;;,
			8;3;-0.000000,1.809688,0.000000;;,
			16;3;0.000000,1.809688,0.000000;;,
			24;3;-0.000000,1.809688,0.000000;;,
			32;3;0.000000,1.809688,0.000000;;;
		}
		SI_AnimationKey {
			0;
			5;
			1;4;0.306145,0.162719,-0.937702,-0.022664;;,
			8;4;0.353682,0.287418,-0.833091,0.313465;;,
			16;4;0.317729,0.270696,-0.884436,0.208675;;,
			24;4;0.354410,0.225042,-0.903619,0.084990;;,
			32;4;0.306145,0.162719,-0.937702,-0.022664;;;
		}
	}
	Animation anim-rfoot {
		{frm-rfoot}
		SI_AnimationKey {
			2;
			5;
			1;3;-0.118927,3.552080,-0.180282;;,
			8;3;-0.065952,3.396842,-0.099977;;,
			16;3;-0.000000,3.203577,0.000000;;,
			24;3;-0.059463,3.377828,-0.090141;;,
			32;3;-0.118927,3.552080,-0.180282;;;
		}
		SI_AnimationKey {
			0;
			5;
			1;4;0.491207,0.822500,-0.167612,-0.232628;;,
			8;4;0.600935,0.741057,-0.190065,-0.231490;;,
			16;4;0.695559,0.603512,-0.277954,-0.273338;;,
			24;4;0.613737,0.729970,-0.192595,-0.231040;;,
			32;4;0.491207,0.822500,-0.167612,-0.232628;;;
		}
	}
	Animation anim-rtoes {
		{frm-rtoes}
		SI_AnimationKey {
			2;
			7;
			1;3;0.000000,0.992858,0.000000;;,
			5;3;-0.000000,0.992858,-0.000000;;,
			8;3;-0.000000,0.992858,0.000000;;,
			12;3;-0.000000,0.992858,-0.000000;;,
			16;3;-0.000000,0.992858,0.000000;;,
			24;3;0.000000,0.992858,0.000000;;,
			32;3;0.000000,0.992858,0.000000;;;
		}
		SI_AnimationKey {
			0;
			7;
			1;4;0.998864,0.047647,-0.000000,-0.000000;;,
			5;4;0.966961,-0.254923,-0.000000,-0.000000;;,
			8;4;0.998864,0.047647,-0.000000,-0.000000;;,
			12;4;0.975474,0.219151,0.020282,-0.003544;;,
			16;4;0.998864,0.047647,-0.000000,-0.000000;;,
			24;4;0.998864,0.047647,-0.000000,-0.000000;;,
			32;4;0.998864,0.047647,-0.000000,-0.000000;;;
		}
	}
	Animation anim-rhorn {
		{frm-rhorn}
		SI_AnimationKey {
			2;
			5;
			1;3;-1.301277,7.522825,-0.447561;;,
			8;3;-1.334838,7.774899,-0.470271;;,
			16;3;-1.376619,7.531002,-0.681704;;,
			24;3;-1.339520,7.772534,-0.462360;;,
			32;3;-1.301277,7.522825,-0.447561;;;
		}
		SI_AnimationKey {
			0;
			5;
			1;4;0.606110,-0.794737,-0.031946,0.001983;;,
			8;4;0.747280,-0.664188,-0.004305,-0.020216;;,
			16;4;0.640415,-0.765486,0.036778,-0.050471;;,
			24;4;0.746543,-0.664915,-0.001060,-0.023677;;,
			32;4;0.608266,-0.793087,-0.031940,0.002070;;;
		}
	}
	Animation anim-lleg {
		{frm-lleg}
		SI_AnimationKey {
			2;
			6;
			1;3;2.174522,5.064499,-0.223440;;,
			8;3;2.174522,5.303139,-0.357073;;,
			16;3;2.174522,4.814499,-0.523440;;,
			20;3;2.174522,5.376999,-0.470401;;,
			24;3;2.174522,5.239499,-0.373440;;,
			32;3;2.174522,5.064499,-0.223440;;;
		}
		SI_AnimationKey {
			0;
			6;
			1;4;0.123768,-0.122350,0.267626,0.947675;;,
			8;4;0.151730,-0.004438,0.028887,0.987990;;,
			16;4;0.146623,0.039286,-0.255819,0.954733;;,
			20;4;0.149521,0.026171,-0.170423,0.973609;;,
			24;4;0.151795,-0.000001,0.000000,0.988412;;,
			32;4;0.123768,-0.122350,0.267626,0.947675;;;
		}
	}
	Animation anim-lleg_low {
		{frm-lleg_low}
		SI_AnimationKey {
			2;
			5;
			1;3;0.000000,1.809689,-0.000000;;,
			8;3;0.000001,1.809688,-0.000000;;,
			16;3;0.000000,1.809689,0.000000;;,
			24;3;-0.000000,1.809688,-0.000000;;,
			32;3;0.000000,1.809689,-0.000000;;;
		}
		SI_AnimationKey {
			0;
			5;
			1;4;0.255698,-0.098922,-0.904321,0.327164;;,
			8;4;0.230223,-0.132223,-0.940201,0.213395;;,
			16;4;0.296091,-0.145569,-0.940925,0.076164;;,
			24;4;0.188834,-0.055085,-0.878214,0.435945;;,
			32;4;0.255698,-0.098922,-0.904321,0.327164;;;
		}
	}
	Animation anim-lfoot {
		{frm-lfoot}
		SI_AnimationKey {
			2;
			5;
			1;3;-0.000000,3.203577,-0.000000;;,
			8;3;-0.058813,3.358815,-0.076134;;,
			16;3;-0.132033,3.552081,-0.170917;;,
			24;3;-0.066017,3.377829,-0.085458;;,
			32;3;-0.000000,3.203577,-0.000000;;;
		}
		SI_AnimationKey {
			0;
			5;
			1;4;0.727520,0.649949,-0.178246,-0.128485;;,
			8;4;0.623028,0.718750,-0.205449,-0.230273;;,
			16;4;0.497103,0.804454,-0.149212,-0.288926;;,
			24;4;0.611321,0.728246,-0.200123,-0.236422;;,
			32;4;0.727520,0.649949,-0.178246,-0.128485;;;
		}
	}
	Animation anim-ltoes {
		{frm-ltoes}
		SI_AnimationKey {
			2;
			7;
			1;3;-0.000000,0.992912,0.000000;;,
			8;3;0.000000,0.992911,-0.000000;;,
			16;3;-0.000000,0.992912,-0.000000;;,
			20;3;0.000000,0.992912,0.000000;;,
			24;3;0.000000,0.992911,0.000000;;,
			28;3;0.000000,0.992912,0.000000;;,
			32;3;-0.000000,0.992912,0.000000;;;
		}
		SI_AnimationKey {
			0;
			7;
			1;4;0.998864,0.047647,-0.000000,-0.000000;;,
			8;4;0.998864,0.047647,-0.000000,-0.000000;;,
			16;4;0.998864,0.047647,-0.000000,-0.000000;;,
			20;4;0.966962,-0.254923,-0.000000,0.000000;;,
			24;4;0.998864,0.047647,-0.000000,-0.000000;;,
			28;4;0.975486,0.218892,-0.022482,0.002743;;,
			32;4;0.998864,0.047647,-0.000000,-0.000000;;;
		}
	}
	Animation anim-lhorn {
		{frm-lhorn}
		SI_AnimationKey {
			2;
			5;
			1;3;1.376623,7.591324,-0.671605;;,
			8;3;1.343063,7.772671,-0.495734;;,
			16;3;1.301281,7.482291,-0.452533;;,
			24;3;1.338952,7.773786,-0.483001;;,
			32;3;1.376623,7.590106,-0.671974;;;
		}
		SI_AnimationKey {
			0;
			5;
			1;4;0.604799,-0.793871,-0.058942,0.022622;;,
			8;4;0.746789,-0.664497,-0.026904,0.005205;;,
			16;4;0.640901,-0.767012,0.010678,-0.028712;;,
			24;4;0.746209,-0.665285,-0.023769,0.001645;;,
			32;4;0.606954,-0.792226,-0.058880,0.022783;;;
		}
	}
	Animation anim-rwsk_a1 {
		{frm-rwsk_a1}
		SI_AnimationKey {
			2;
			5;
			1;3;-0.744522,6.086043,1.917235;;,
			8;3;-0.968535,6.639353,2.078629;;,
			16;3;-1.247421,6.092125,1.743069;;,
			24;3;-0.995972,6.638525,2.069157;;,
			32;3;-0.744522,6.086043,1.917235;;;
		}
		SI_AnimationKey {
			0;
			5;
			1;4;0.771176,0.139068,-0.090825,-0.614572;;,
			8;4;0.762699,0.262282,-0.029468,-0.590449;;,
			16;4;0.770277,0.293085,0.111401,-0.555305;;,
			24;4;0.762585,0.265093,-0.025739,-0.589514;;,
			32;4;0.771176,0.139068,-0.090825,-0.614572;;;
		}
	}
	Animation anim-rwsk_b1 {
		{frm-rwsk_b1}
		SI_AnimationKey {
			2;
			5;
			1;3;-0.298792,5.255114,2.300535;;,
			8;3;-0.557694,5.864092,2.591904;;,
			16;3;-0.880017,5.258713,2.197465;;,
			24;3;-0.583933,5.827562,2.594911;;,
			32;3;-0.298792,5.255114,2.300535;;;
		}
		SI_AnimationKey {
			0;
			5;
			1;4;0.646726,0.051511,-0.014917,-0.760835;;,
			8;4;0.641696,0.120398,-0.036116,-0.756589;;,
			16;4;0.645210,-0.014740,-0.071816,-0.760479;;,
			24;4;0.641714,0.119928,-0.029564,-0.756932;;,
			32;4;0.646726,0.051511,-0.014917,-0.760835;;;
		}
	}
	Animation anim-rwsk_c1 {
		{frm-rwsk_c1}
		SI_AnimationKey {
			2;
			5;
			1;3;-0.461584,3.997149,1.503480;;,
			8;3;-0.661166,4.517713,1.946627;;,
			16;3;-0.909636,4.001335,1.383586;;,
			24;3;-0.668967,4.493333,1.935549;;,
			32;3;-0.461584,3.997149,1.503480;;;
		}
		SI_AnimationKey {
			0;
			5;
			1;4;0.444763,-0.173389,-0.004214,-0.878695;;,
			8;4;0.453445,-0.111665,-0.040704,-0.883324;;,
			16;4;0.439986,-0.323044,-0.081587,-0.833906;;,
			24;4;0.453425,-0.111167,-0.036694,-0.883573;;,
			32;4;0.444763,-0.173389,-0.004214,-0.878695;;;
		}
	}
	Animation anim-other {
		{frm-other}
		SI_AnimationKey {
			2;
			5;
			1;3;0.000000,5.765172,-1.056992;;,
			8;3;-0.000000,5.965173,-0.756992;;,
			16;3;0.000000,5.765172,-1.056992;;,
			24;3;-0.000000,5.965173,-0.756992;;,
			32;3;0.000000,5.765172,-1.056992;;;
		}
		SI_AnimationKey {
			0;
			5;
			1;4;0.693997,-0.718655,-0.031377,0.030301;;,
			8;4;0.737269,-0.675583,-0.003218,0.003512;;,
			16;4;0.693997,-0.718655,0.031377,-0.030301;;,
			24;4;0.737277,-0.675590,0.000000,0.000000;;,
			32;4;0.693997,-0.718655,-0.031377,0.030301;;;
		}
	}
	Animation anim-lwsk_a1 {
		{frm-lwsk_a1}
		SI_AnimationKey {
			2;
			5;
			1;3;1.247418,6.092125,1.743073;;,
			8;3;1.023405,6.637696,2.059689;;,
			16;3;0.744518,6.086043,1.917238;;,
			24;3;1.004659,6.605466,2.075840;;,
			32;3;1.247418,6.092125,1.743073;;;
		}
		SI_AnimationKey {
			0;
			5;
			1;4;0.647037,0.589342,0.432529,0.216653;;,
			8;4;0.551968,0.592874,0.526452,0.258224;;,
			16;4;0.512413,0.514519,0.583434,0.363743;;,
			24;4;0.552932,0.589595,0.526341,0.263837;;,
			32;4;0.647037,0.589342,0.432529,0.216653;;;
		}
	}
	Animation anim-lwsk_b1 {
		{frm-lwsk_b1}
		SI_AnimationKey {
			2;
			5;
			1;3;0.880013,5.258713,2.197469;;,
			8;3;0.621110,5.863111,2.580696;;,
			16;3;0.298787,5.255114,2.300537;;,
			24;3;0.588510,5.862293,2.580423;;,
			32;3;0.880013,5.258713,2.197469;;;
		}
		SI_AnimationKey {
			0;
			5;
			1;4;0.508257,-0.546543,-0.403893,0.528996;;,
			8;4;0.476009,-0.442385,-0.430907,0.626123;;,
			16;4;0.469222,-0.499804,-0.445318,0.575950;;,
			24;4;0.478403,-0.445072,-0.428959,0.623728;;,
			32;4;0.508257,-0.546543,-0.403893,0.528996;;;
		}
	}
	Animation anim-lwsk_c1 {
		{frm-lwsk_c1}
		SI_AnimationKey {
			2;
			5;
			1;3;0.909634,4.001335,1.383589;;,
			8;3;0.710052,4.516572,1.933589;;,
			16;3;0.461582,3.997149,1.503481;;,
			24;3;0.685427,4.516714,1.939456;;,
			32;3;0.909634,4.001335,1.383589;;;
		}
		SI_AnimationKey {
			0;
			5;
			1;4;0.378734,0.007825,0.238338,0.894256;;,
			8;4;0.407557,0.230852,0.201267,0.860289;;,
			16;4;0.411753,0.163440,0.168201,0.880599;;,
			24;4;0.406954,0.226683,0.203295,0.861205;;,
			32;4;0.378734,0.007825,0.238338,0.894256;;;
		}
	}
}

SI_EnvelopeList {
	24;
	SI_Envelope {
		"frm-body";
		"frm-rwsk_c2";
		9;
		181;100.000000;,
		182;100.000000;,
		183;100.000000;,
		184;100.000000;,
		193;100.000000;,
		194;100.000000;,
		195;100.000000;,
		196;100.000000;,
		199;100.000000;;
	}
	SI_Envelope {
		"frm-body";
		"frm-other";
		51;
		0;100.000000;,
		1;100.000000;,
		2;100.000000;,
		4;100.000000;,
		6;100.000000;,
		7;100.000000;,
		8;100.000000;,
		9;100.000000;,
		11;100.000000;,
		12;100.000000;,
		13;100.000000;,
		38;100.000000;,
		78;100.000000;,
		79;100.000000;,
		83;100.000000;,
		84;100.000000;,
		103;100.000000;,
		104;100.000000;,
		113;100.000000;,
		114;100.000000;,
		115;100.000000;,
		116;100.000000;,
		117;100.000000;,
		118;100.000000;,
		119;100.000000;,
		120;100.000000;,
		121;100.000000;,
		122;100.000000;,
		123;100.000000;,
		125;100.000000;,
		126;100.000000;,
		127;100.000000;,
		129;100.000000;,
		130;100.000000;,
		131;100.000000;,
		132;100.000000;,
		134;100.000000;,
		135;100.000000;,
		136;100.000000;,
		161;100.000000;,
		162;100.000000;,
		202;100.000000;,
		203;100.000000;,
		204;100.000000;,
		205;100.000000;,
		209;100.000000;,
		210;100.000000;,
		211;100.000000;,
		212;100.000000;,
		231;100.000000;,
		232;100.000000;;
	}
	SI_Envelope {
		"frm-body";
		"frm-rhorn";
		9;
		230;100.000000;,
		233;100.000000;,
		234;100.000000;,
		235;100.000000;,
		236;100.000000;,
		237;100.000000;,
		238;100.000000;,
		239;100.000000;,
		240;100.000000;;
	}
	SI_Envelope {
		"frm-body";
		"frm-rwsk_b1";
		4;
		167;100.000000;,
		168;100.000000;,
		169;100.000000;,
		170;100.000000;;
	}
	SI_Envelope {
		"frm-body";
		"frm-rleg";
		15;
		133;100.000000;,
		137;100.000000;,
		138;100.000000;,
		139;100.000000;,
		140;100.000000;,
		141;100.000000;,
		142;100.000000;,
		143;100.000000;,
		144;100.000000;,
		145;100.000000;,
		206;100.000000;,
		207;100.000000;,
		208;100.000000;,
		213;100.000000;,
		214;100.000000;;
	}
	SI_Envelope {
		"frm-body";
		"frm-lwsk_a1";
		4;
		3;100.000000;,
		5;100.000000;,
		47;100.000000;,
		48;100.000000;;
	}
	SI_Envelope {
		"frm-body";
		"frm-rwsk_a2";
		9;
		173;100.000000;,
		174;100.000000;,
		175;100.000000;,
		176;100.000000;,
		185;100.000000;,
		186;100.000000;,
		187;100.000000;,
		188;100.000000;,
		197;100.000000;;
	}
	SI_Envelope {
		"frm-body";
		"frm-lfoot";
		13;
		23;100.000000;,
		24;100.000000;,
		34;100.000000;,
		35;100.000000;,
		36;100.000000;,
		76;100.000000;,
		77;100.000000;,
		90;100.000000;,
		91;100.000000;,
		92;100.000000;,
		93;100.000000;,
		94;100.000000;,
		95;100.000000;;
	}
	SI_Envelope {
		"frm-body";
		"frm-lleg";
		15;
		10;100.000000;,
		14;100.000000;,
		15;100.000000;,
		16;100.000000;,
		17;100.000000;,
		18;100.000000;,
		19;100.000000;,
		20;100.000000;,
		21;100.000000;,
		22;100.000000;,
		80;100.000000;,
		81;100.000000;,
		82;100.000000;,
		85;100.000000;,
		86;100.000000;;
	}
	SI_Envelope {
		"frm-body";
		"frm-rfoot";
		13;
		146;100.000000;,
		147;100.000000;,
		157;100.000000;,
		158;100.000000;,
		159;100.000000;,
		200;100.000000;,
		201;100.000000;,
		218;100.000000;,
		219;100.000000;,
		220;100.000000;,
		221;100.000000;,
		222;100.000000;,
		223;100.000000;;
	}
	SI_Envelope {
		"frm-body";
		"frm-rtoes";
		7;
		160;100.000000;,
		224;100.000000;,
		225;100.000000;,
		226;100.000000;,
		227;100.000000;,
		228;100.000000;,
		229;100.000000;;
	}
	SI_Envelope {
		"frm-body";
		"frm-lwsk_c2";
		9;
		57;100.000000;,
		58;100.000000;,
		59;100.000000;,
		60;100.000000;,
		69;100.000000;,
		70;100.000000;,
		71;100.000000;,
		72;100.000000;,
		75;100.000000;;
	}
	SI_Envelope {
		"frm-body";
		"frm-lwsk_a2";
		9;
		49;100.000000;,
		50;100.000000;,
		51;100.000000;,
		52;100.000000;,
		61;100.000000;,
		62;100.000000;,
		63;100.000000;,
		64;100.000000;,
		73;100.000000;;
	}
	SI_Envelope {
		"frm-body";
		"frm-lwsk_b2";
		9;
		53;100.000000;,
		54;100.000000;,
		55;100.000000;,
		56;100.000000;,
		65;100.000000;,
		66;100.000000;,
		67;100.000000;,
		68;100.000000;,
		74;100.000000;;
	}
	SI_Envelope {
		"frm-body";
		"frm-lwsk_c1";
		4;
		39;100.000000;,
		40;100.000000;,
		41;100.000000;,
		42;100.000000;;
	}
	SI_Envelope {
		"frm-body";
		"frm-rwsk_c1";
		4;
		163;100.000000;,
		164;100.000000;,
		165;100.000000;,
		166;100.000000;;
	}
	SI_Envelope {
		"frm-body";
		"frm-ltoes";
		7;
		37;100.000000;,
		96;100.000000;,
		97;100.000000;,
		98;100.000000;,
		99;100.000000;,
		100;100.000000;,
		101;100.000000;;
	}
	SI_Envelope {
		"frm-body";
		"frm-lleg_low";
		12;
		25;100.000000;,
		26;100.000000;,
		27;100.000000;,
		28;100.000000;,
		29;100.000000;,
		30;100.000000;,
		31;100.000000;,
		32;100.000000;,
		33;100.000000;,
		87;100.000000;,
		88;100.000000;,
		89;100.000000;;
	}
	SI_Envelope {
		"frm-body";
		"frm-rwsk_a1";
		4;
		124;100.000000;,
		128;100.000000;,
		171;100.000000;,
		172;100.000000;;
	}
	SI_Envelope {
		"frm-body";
		"frm-lwsk_b1";
		4;
		43;100.000000;,
		44;100.000000;,
		45;100.000000;,
		46;100.000000;;
	}
	SI_Envelope {
		"frm-body";
		"frm-lhorn";
		9;
		102;100.000000;,
		105;100.000000;,
		106;100.000000;,
		107;100.000000;,
		108;100.000000;,
		109;100.000000;,
		110;100.000000;,
		111;100.000000;,
		112;100.000000;;
	}
	SI_Envelope {
		"frm-body";
		"frm-rleg_low";
		12;
		148;100.000000;,
		149;100.000000;,
		150;100.000000;,
		151;100.000000;,
		152;100.000000;,
		153;100.000000;,
		154;100.000000;,
		155;100.000000;,
		156;100.000000;,
		215;100.000000;,
		216;100.000000;,
		217;100.000000;;
	}
	SI_Envelope {
		"frm-body";
		"frm-rwsk_b2";
		9;
		177;100.000000;,
		178;100.000000;,
		179;100.000000;,
		180;100.000000;,
		189;100.000000;,
		190;100.000000;,
		191;100.000000;,
		192;100.000000;,
		198;100.000000;;
	}
	SI_Envelope {
		"frm-cockpit";
		"frm-other";
		6;
		0;100.000000;,
		1;100.000000;,
		2;100.000000;,
		3;100.000000;,
		4;100.000000;,
		5;100.000000;;
	}
}
