xsi 0101txt 0032

SI_CoordinateSystem coord {
	1;
	0;
	1;
	0;
	2;
	5;
}

Frame frm-hp_bones {
	FrameTransformMatrix {
		1.000000,0.000002,0.000000,0.000000,
		-0.000002,1.000000,-0.000001,0.000000,
		-0.000000,0.000001,1.000000,0.000000,
		0.000001,0.000001,-0.880770,1.000000;;
	}
		Frame frm-body {
			FrameTransformMatrix {
				1.000000,0.000000,0.000000,0.000000,
				0.000000,1.000000,0.000000,0.000000,
				0.000000,0.000000,1.000000,0.000000,
				-0.000008,4.018449,0.032715,1.000000;;
			}
				Frame frm-cockpit {
					FrameTransformMatrix {
						1.000000,-0.000000,-0.000000,0.000000,
						-0.000000,1.000000,0.000000,0.000000,
						0.000000,-0.000000,1.000000,0.000000,
						-0.000005,3.519198,0.288934,1.000000;;
					}
				}
		}
		Frame frm-rleg {
			FrameTransformMatrix {
				-0.953915,0.300071,-0.000003,0.000000,
				-0.300071,-0.953917,0.000000,0.000000,
				-0.000003,0.000001,1.000000,0.000000,
				-2.174518,5.064499,-0.523447,1.000000;;
			}
			SI_FrameBasePoseMatrix {
				-0.953915,0.300071,-0.000003,0.000000,
				-0.300071,-0.953917,0.000000,0.000000,
				-0.000003,0.000001,1.000000,0.000000,
				-2.174518,5.064499,-0.523447,1.000000;;
			}
				Frame frm-rleg_low {
					FrameTransformMatrix {
						-0.759596,-0.291286,-0.581521,0.000000,
						-0.319041,0.946018,-0.057126,0.000000,
						0.566769,0.142136,-0.811523,0.000000,
						-0.000000,1.809688,0.000000,1.000000;;
					}
					SI_FrameBasePoseMatrix {
						-0.759596,-0.291286,-0.581521,0.000000,
						-0.319041,0.946018,-0.057126,0.000000,
						0.566769,0.142136,-0.811523,0.000000,
						-0.000000,1.809688,0.000000,1.000000;;
					}
						Frame frm-rfoot {
							FrameTransformMatrix {
								0.811999,0.020464,-0.583300,0.000000,
								-0.583632,0.038144,-0.811122,0.000000,
								0.005651,0.999063,0.042917,0.000000,
								-0.000000,3.203576,-0.000000,1.000000;;
							}
							SI_FrameBasePoseMatrix {
								0.811999,0.020464,-0.583300,0.000000,
								-0.583632,0.038144,-0.811122,0.000000,
								0.005651,0.999063,0.042917,0.000000,
								-0.000000,3.203576,-0.000000,1.000000;;
							}
								Frame frm-rtoes {
									FrameTransformMatrix {
										1.000000,0.000000,-0.000001,0.000000,
										-0.000000,0.995460,-0.095186,0.000000,
										0.000001,0.095186,0.995460,0.000000,
										-0.000000,0.992858,-0.000000,1.000000;;
									}
									SI_FrameBasePoseMatrix {
										1.000000,0.000000,-0.000001,0.000000,
										-0.000000,0.995460,-0.095186,0.000000,
										0.000001,0.095186,0.995460,0.000000,
										-0.000000,0.992858,-0.000000,1.000000;;
									}
								}
						}
				}
		}
		Frame frm-rhorn {
			FrameTransformMatrix {
				0.998877,0.034015,0.032993,0.000000,
				-0.034015,0.029914,0.998974,0.000000,
				0.032993,-0.998974,0.031037,0.000000,
				-1.344062,7.543023,-0.624771,1.000000;;
			}
			SI_FrameBasePoseMatrix {
				0.998877,0.034015,0.032993,0.000000,
				-0.034015,0.029914,0.998974,0.000000,
				0.032993,-0.998974,0.031037,0.000000,
				-1.344062,7.543023,-0.624771,1.000000;;
			}
		}
		Frame frm-lleg {
			FrameTransformMatrix {
				-0.953915,-0.300071,-0.000003,0.000000,
				0.300071,-0.953917,0.000001,0.000000,
				-0.000003,0.000000,1.000000,0.000000,
				2.174522,5.064499,-0.523440,1.000000;;
			}
			SI_FrameBasePoseMatrix {
				-0.953915,-0.300071,-0.000003,0.000000,
				0.300071,-0.953917,0.000001,0.000000,
				-0.000003,0.000000,1.000000,0.000000,
				2.174522,5.064499,-0.523440,1.000000;;
			}
				Frame frm-lleg_low {
					FrameTransformMatrix {
						-0.782280,0.228835,-0.579372,0.000000,
						0.319041,0.946018,-0.057125,0.000000,
						0.535024,-0.229532,-0.813059,0.000000,
						-0.000000,1.809688,0.000000,1.000000;;
					}
					SI_FrameBasePoseMatrix {
						-0.782280,0.228835,-0.579372,0.000000,
						0.319041,0.946018,-0.057125,0.000000,
						0.535024,-0.229532,-0.813059,0.000000,
						-0.000000,1.809688,0.000000,1.000000;;
					}
						Frame frm-lfoot {
							FrameTransformMatrix {
								0.814898,-0.020466,-0.579242,0.000000,
								-0.578306,0.038139,-0.814928,0.000000,
								0.038770,0.999063,0.019243,0.000000,
								0.000000,3.203576,-0.000000,1.000000;;
							}
							SI_FrameBasePoseMatrix {
								0.814898,-0.020466,-0.579242,0.000000,
								-0.578306,0.038139,-0.814928,0.000000,
								0.038770,0.999063,0.019243,0.000000,
								0.000000,3.203576,-0.000000,1.000000;;
							}
								Frame frm-ltoes {
									FrameTransformMatrix {
										1.000000,0.000000,-0.000000,0.000000,
										-0.000000,0.995459,-0.095186,0.000000,
										0.000000,0.095186,0.995459,0.000000,
										-0.000000,0.992912,0.000000,1.000000;;
									}
									SI_FrameBasePoseMatrix {
										1.000000,0.000000,-0.000000,0.000000,
										-0.000000,0.995459,-0.095186,0.000000,
										0.000000,0.095186,0.995459,0.000000,
										-0.000000,0.992912,0.000000,1.000000;;
									}
								}
						}
				}
		}
		Frame frm-lhorn {
			FrameTransformMatrix {
				0.998877,0.031980,-0.034966,0.000000,
				0.034012,0.029914,0.998974,0.000000,
				0.032993,-0.999041,0.028793,0.000000,
				1.344067,7.543023,-0.624767,1.000000;;
			}
			SI_FrameBasePoseMatrix {
				0.998877,0.031980,-0.034966,0.000000,
				0.034012,0.029914,0.998974,0.000000,
				0.032993,-0.999041,0.028793,0.000000,
				1.344067,7.543023,-0.624767,1.000000;;
			}
		}
		Frame frm-rwsk_a1 {
			FrameTransformMatrix {
				0.303621,0.912756,-0.273297,0.000000,
				-0.912756,0.196365,-0.358214,0.000000,
				-0.273296,0.358215,0.892744,0.000000,
				-0.999776,6.189647,1.828068,1.000000;;
			}
			SI_FrameBasePoseMatrix {
				0.303621,0.912756,-0.273297,0.000000,
				-0.912756,0.196365,-0.358214,0.000000,
				-0.273296,0.358215,0.892744,0.000000,
				-0.999776,6.189647,1.828068,1.000000;;
			}
				Frame frm-rwsk_a2 {
					FrameTransformMatrix {
						0.779163,-0.626688,-0.012933,0.000000,
						0.321840,0.417679,-0.849684,0.000000,
						0.537889,0.657880,0.527133,0.000000,
						-0.000001,1.653947,-0.000000,1.000000;;
					}
					SI_FrameBasePoseMatrix {
						0.779163,-0.626688,-0.012933,0.000000,
						0.321840,0.417679,-0.849684,0.000000,
						0.537889,0.657880,0.527133,0.000000,
						-0.000001,1.653947,-0.000000,1.000000;;
					}
				}
		}
		Frame frm-rwsk_b1 {
			FrameTransformMatrix {
				-0.146085,0.978559,-0.145194,0.000000,
				-0.978559,-0.164479,-0.123969,0.000000,
				-0.145193,0.123971,0.981606,0.000000,
				-0.591656,5.372601,2.277413,1.000000;;
			}
			SI_FrameBasePoseMatrix {
				-0.146085,0.978559,-0.145194,0.000000,
				-0.978559,-0.164479,-0.123969,0.000000,
				-0.145193,0.123971,0.981606,0.000000,
				-0.591656,5.372601,2.277413,1.000000;;
			}
				Frame frm-rwsk_b2 {
					FrameTransformMatrix {
						0.933761,0.310851,0.177375,0.000000,
						-0.056706,0.617842,-0.784255,0.000000,
						-0.353376,0.722248,0.594544,0.000000,
						0.000001,1.646883,-0.000000,1.000000;;
					}
					SI_FrameBasePoseMatrix {
						0.933761,0.310851,0.177375,0.000000,
						-0.056706,0.617842,-0.784255,0.000000,
						-0.353376,0.722248,0.594544,0.000000,
						0.000001,1.646883,-0.000000,1.000000;;
					}
				}
		}
		Frame frm-rwsk_c1 {
			FrameTransformMatrix {
				-0.566006,0.793110,0.224977,0.000000,
				-0.793110,-0.598327,0.113941,0.000000,
				0.224977,-0.113940,0.967679,0.000000,
				-0.688229,4.087585,1.513421,1.000000;;
			}
			SI_FrameBasePoseMatrix {
				-0.566006,0.793110,0.224977,0.000000,
				-0.793110,-0.598327,0.113941,0.000000,
				0.224977,-0.113940,0.967679,0.000000,
				-0.688229,4.087585,1.513421,1.000000;;
			}
				Frame frm-rwsk_c2 {
					FrameTransformMatrix {
						0.972881,0.028504,-0.229542,0.000000,
						-0.152322,0.825767,-0.543052,0.000000,
						0.174069,0.563290,0.807716,0.000000,
						0.000000,1.474546,0.000000,1.000000;;
					}
					SI_FrameBasePoseMatrix {
						0.972881,0.028504,-0.229542,0.000000,
						-0.152322,0.825767,-0.543052,0.000000,
						0.174069,0.563290,0.807716,0.000000,
						0.000000,1.474546,0.000000,1.000000;;
					}
				}
		}
		Frame frm-other {
			FrameTransformMatrix {
				1.000000,0.000000,0.000000,0.000000,
				0.000000,0.000000,1.000000,0.000000,
				0.000000,-1.000000,0.000000,0.000000,
				0.000000,5.765172,-1.056992,1.000000;;
			}
			SI_FrameBasePoseMatrix {
				1.000000,0.000000,0.000000,0.000000,
				0.000000,0.000000,1.000000,0.000000,
				0.000000,-1.000000,0.000000,0.000000,
				0.000000,5.765172,-1.056992,1.000000;;
			}
				Frame frm-hp_com {
					FrameTransformMatrix {
						1.000000,0.000000,0.000000,0.000000,
						0.000000,-0.000001,-1.000000,0.000000,
						0.000000,1.000000,-0.000001,0.000000,
						0.000000,1.829037,0.000000,1.000000;;
					}
					SI_FrameBasePoseMatrix {
						1.000000,0.000000,0.000000,0.000000,
						0.000000,-0.000001,-1.000000,0.000000,
						0.000000,1.000000,-0.000001,0.000000,
						0.000000,1.829037,0.000000,1.000000;;
					}
						Frame frm-hp_eyepoint {
							FrameTransformMatrix {
								1.000000,-0.000000,-0.000000,0.000000,
								0.000000,1.000000,-0.000000,0.000000,
								0.000000,0.000000,1.000000,0.000000,
								0.000000,1.450113,0.000000,1.000000;;
							}
							SI_FrameBasePoseMatrix {
								1.000000,-0.000000,-0.000000,0.000000,
								0.000000,1.000000,-0.000000,0.000000,
								0.000000,0.000000,1.000000,0.000000,
								0.000000,1.450113,0.000000,1.000000;;
							}
						}
				}
				Frame frm-smokelink {
					FrameTransformMatrix {
						1.000000,0.000001,0.000000,0.000000,
						-0.000000,0.177910,0.984047,0.000000,
						0.000001,-0.984047,0.177910,0.000000,
						0.000000,1.829037,0.000000,1.000000;;
					}
					SI_FrameBasePoseMatrix {
						1.000000,0.000001,0.000000,0.000000,
						-0.000000,0.177910,0.984047,0.000000,
						0.000001,-0.984047,0.177910,0.000000,
						0.000000,1.829037,0.000000,1.000000;;
					}
						Frame frm-hp_smoke {
							FrameTransformMatrix {
								0.999988,0.004588,0.001587,0.000000,
								-0.003605,0.482888,0.875674,0.000000,
								0.003251,-0.875670,0.482899,0.000000,
								0.000000,1.263450,-0.000000,1.000000;;
							}
							SI_FrameBasePoseMatrix {
								0.999988,0.004588,0.001587,0.000000,
								-0.003605,0.482888,0.875674,0.000000,
								0.003251,-0.875670,0.482899,0.000000,
								0.000000,1.263450,-0.000000,1.000000;;
							}
						}
				}
		}
		Frame frm-lwsk_a1 {
			FrameTransformMatrix {
				0.303619,0.260547,0.916477,0.000000,
				0.912757,0.196365,-0.358212,0.000000,
				-0.273295,0.945281,-0.178196,0.000000,
				0.999773,6.189647,1.828071,1.000000;;
			}
			SI_FrameBasePoseMatrix {
				0.303619,0.260547,0.916477,0.000000,
				0.912757,0.196365,-0.358212,0.000000,
				-0.273295,0.945281,-0.178196,0.000000,
				0.999773,6.189647,1.828071,1.000000;;
			}
				Frame frm-lwsk_a2 {
					FrameTransformMatrix {
						0.473328,0.824857,0.309146,0.000000,
						-0.878744,0.417679,0.230985,0.000000,
						0.061406,-0.380992,0.922537,0.000000,
						0.000000,1.653947,0.000001,1.000000;;
					}
					SI_FrameBasePoseMatrix {
						0.473328,0.824857,0.309146,0.000000,
						-0.878744,0.417679,0.230985,0.000000,
						0.061406,-0.380992,0.922537,0.000000,
						0.000000,1.653947,0.000001,1.000000;;
					}
				}
		}
		Frame frm-lwsk_b1 {
			FrameTransformMatrix {
				-0.146084,-0.129973,-0.980697,0.000000,
				0.978560,-0.164479,-0.123967,0.000000,
				-0.145191,-0.977780,0.151214,0.000000,
				0.591651,5.372601,2.277415,1.000000;;
			}
			SI_FrameBasePoseMatrix {
				-0.146084,-0.129973,-0.980697,0.000000,
				0.978560,-0.164479,-0.123967,0.000000,
				-0.145191,-0.977780,0.151214,0.000000,
				0.591651,5.372601,2.277415,1.000000;;
			}
				Frame frm-lwsk_b2 {
					FrameTransformMatrix {
						0.454629,-0.516374,-0.725721,0.000000,
						0.784588,0.617842,0.051893,0.000000,
						0.421585,-0.592984,0.686030,0.000000,
						0.000000,1.646884,0.000000,1.000000;;
					}
					SI_FrameBasePoseMatrix {
						0.454629,-0.516374,-0.725721,0.000000,
						0.784588,0.617842,0.051893,0.000000,
						0.421585,-0.592984,0.686030,0.000000,
						0.000000,1.646884,0.000000,1.000000;;
					}
				}
		}
		Frame frm-lwsk_c1 {
			FrameTransformMatrix {
				-0.566006,-0.654909,0.500730,0.000000,
				0.793109,-0.598327,0.113943,0.000000,
				0.224978,0.461626,0.858071,0.000000,
				0.688227,4.087585,1.513423,1.000000;;
			}
			SI_FrameBasePoseMatrix {
				-0.566006,-0.654909,0.500730,0.000000,
				0.793109,-0.598327,0.113943,0.000000,
				0.224978,0.461626,0.858071,0.000000,
				0.688227,4.087585,1.513423,1.000000;;
			}
				Frame frm-lwsk_c2 {
					FrameTransformMatrix {
						-0.055509,0.503768,0.862054,0.000000,
						-0.262052,0.825767,-0.499437,0.000000,
						-0.963456,-0.253626,0.086176,0.000000,
						0.000000,1.474546,-0.000000,1.000000;;
					}
					SI_FrameBasePoseMatrix {
						-0.055509,0.503768,0.862054,0.000000,
						-0.262052,0.825767,-0.499437,0.000000,
						-0.963456,-0.253626,0.086176,0.000000,
						0.000000,1.474546,-0.000000,1.000000;;
					}
				}
		}
}

AnimationSet {
	Animation anim-rleg {
		{frm-rleg}
		SI_AnimationKey {
			2;
			13;
			1;3;-2.174518,5.064499,-0.523447;;,
			3;3;-2.173947,5.690863,0.397659;;,
			4;3;-2.173823,5.565102,0.900366;;,
			5;3;-2.173414,5.170043,1.351154;;,
			6;3;-2.172711,4.680800,1.634391;;,
			7;3;-2.171881,4.292026,1.901458;;,
			8;3;-2.170834,3.391891,2.294640;;,
			9;3;-2.169804,3.184641,2.744499;;,
			10;3;-2.168816,2.946284,3.223655;;,
			11;3;-2.168261,2.990295,3.665766;;,
			25;3;-2.174531,2.433372,8.192581;;,
			29;3;-2.174531,2.433372,8.192581;;,
			32;3;-2.174531,2.433372,8.192581;;;
		}
		SI_AnimationKey {
			0;
			13;
			1;4;0.151795,0.000002,-0.000000,-0.988412;;,
			3;4;0.149762,-0.018736,0.141250,-0.978401;;,
			4;4;0.148166,-0.024702,0.183754,-0.971427;;,
			5;4;0.147106,-0.026788,0.197623,-0.968807;;,
			6;4;0.147135,-0.022873,0.173295,-0.973549;;,
			7;4;0.145468,-0.011286,0.147560,-0.978232;;,
			8;4;0.141040,0.010058,0.206627,-0.968149;;,
			9;4;0.129070,0.036582,0.265282,-0.954792;;,
			10;4;0.097372,0.076433,0.256563,-0.958568;;,
			11;4;0.075784,0.102077,0.248642,-0.960216;;,
			25;4;0.068347,0.124748,0.381545,-0.913340;;,
			29;4;0.076726,0.104620,0.379948,-0.915864;;,
			32;4;0.068347,0.124748,0.381545,-0.913340;;;
		}
	}
	Animation anim-rleg_low {
		{frm-rleg_low}
		SI_AnimationKey {
			2;
			13;
			1;3;-0.000000,1.809688,0.000000;;,
			3;3;0.000000,1.809688,-0.000000;;,
			4;3;0.000000,1.809689,-0.000000;;,
			5;3;-0.000000,1.809688,0.000000;;,
			6;3;-0.000000,1.809688,0.000000;;,
			7;3;0.000000,1.809689,0.000000;;,
			8;3;-0.000000,1.809688,-0.000000;;,
			9;3;-0.000000,1.809689,0.000000;;,
			10;3;-0.000000,1.809689,0.000000;;,
			11;3;0.000000,1.809689,-0.000000;;,
			25;3;-0.000000,1.809689,0.000000;;,
			29;3;0.000000,1.809687,-0.000000;;,
			32;3;-0.000000,1.809689,0.000000;;;
		}
		SI_AnimationKey {
			0;
			13;
			1;4;0.306145,0.162719,-0.937702,-0.022664;;,
			3;4;0.312714,0.183453,-0.930304,0.055580;;,
			4;4;0.316943,0.201601,-0.917925,0.127742;;,
			5;4;0.319683,0.222527,-0.895202,0.216559;;,
			6;4;0.319473,0.242823,-0.861688,0.310592;;,
			7;4;0.317088,0.256776,-0.830395,0.379428;;,
			8;4;0.315555,0.262314,-0.816254,0.406628;;,
			9;4;0.315313,0.263079,-0.814184,0.410453;;,
			10;4;0.315363,0.263707,-0.815644,0.407099;;,
			11;4;0.315846,0.264296,-0.818796,0.399953;;,
			25;4;0.330638,0.252356,-0.861767,0.290437;;,
			29;4;0.273725,0.352656,-0.855202,0.263319;;,
			32;4;0.330638,0.252356,-0.861767,0.290437;;;
		}
	}
	Animation anim-rfoot {
		{frm-rfoot}
		SI_AnimationKey {
			2;
			13;
			1;3;-0.000000,3.203576,-0.000000;;,
			3;3;0.034309,3.216096,0.036665;;,
			4;3;0.065194,3.227386,0.069694;;,
			5;3;0.103125,3.241209,0.110209;;,
			6;3;0.144346,3.256117,0.154107;;,
			7;3;0.175664,3.267679,0.187730;;,
			8;3;0.188256,3.272587,0.201544;;,
			9;3;0.190055,3.273288,0.203517;;,
			10;3;0.187359,3.273256,0.201724;;,
			11;3;0.181802,3.273190,0.198028;;,
			25;3;0.102747,3.272259,0.145440;;,
			29;3;0.102746,3.272259,0.145440;;,
			32;3;0.102747,3.272259,0.145440;;;
		}
		SI_AnimationKey {
			0;
			13;
			1;4;0.687943,0.657826,-0.214026,-0.219530;;,
			3;4;0.736082,0.601979,-0.219925,-0.217804;;,
			4;4;0.776904,0.547562,-0.224326,-0.215114;;,
			5;4;0.822561,0.476431,-0.228274,-0.210472;;,
			6;4;0.865348,0.395497,-0.230541,-0.203976;;,
			7;4;0.892933,0.331966,-0.231299,-0.197410;;,
			8;4;0.902933,0.305685,-0.231649,-0.193926;;,
			9;4;0.904295,0.301933,-0.231683,-0.193418;;,
			10;4;0.903244,0.305075,-0.233041,-0.191759;;,
			11;4;0.901034,0.311538,-0.235829,-0.188329;;,
			25;4;0.863514,0.400427,-0.273452,-0.138654;;,
			29;4;0.883673,0.323752,-0.311204,-0.132131;;,
			32;4;0.863514,0.400427,-0.273452,-0.138654;;;
		}
	}
	Animation anim-rtoes {
		{frm-rtoes}
		SI_AnimationKey {
			2;
			13;
			1;3;-0.000000,0.992858,-0.000000;;,
			3;3;0.000000,0.992858,-0.000000;;,
			4;3;-0.000000,0.992858,0.000000;;,
			5;3;0.000000,0.992858,-0.000000;;,
			6;3;-0.000000,0.992858,-0.000000;;,
			7;3;0.000000,0.992858,-0.000000;;,
			8;3;0.000000,0.992858,-0.000000;;,
			9;3;-0.000000,0.992858,-0.000000;;,
			10;3;0.000000,0.992858,-0.000000;;,
			11;3;-0.000000,0.992858,-0.000000;;,
			25;3;0.000000,0.992858,-0.000000;;,
			29;3;-0.000000,0.992858,0.000000;;,
			32;3;0.000000,0.992858,-0.000000;;;
		}
		SI_AnimationKey {
			0;
			13;
			1;4;0.998864,0.047647,-0.000000,-0.000000;;,
			3;4;0.999274,0.038100,-0.000000,-0.000000;;,
			4;4;0.999698,0.024596,-0.000000,-0.000000;;,
			5;4;0.999978,0.006671,-0.000000,-0.000000;;,
			6;4;0.999915,-0.013072,-0.000000,-0.000000;;,
			7;4;0.999350,-0.036051,-0.000000,-0.000000;;,
			8;4;0.998093,-0.061729,-0.000000,-0.000000;;,
			9;4;0.995971,-0.089678,-0.000000,-0.000000;;,
			10;4;0.992621,-0.121262,-0.000000,-0.000000;;,
			11;4;0.988533,-0.151004,-0.000000,-0.000000;;,
			25;4;0.898816,-0.438327,-0.000000,-0.000001;;,
			29;4;0.898816,-0.438327,-0.000000,-0.000001;;,
			32;4;0.898816,-0.438327,-0.000000,-0.000001;;;
		}
	}
	Animation anim-rhorn {
		{frm-rhorn}
		SI_AnimationKey {
			2;
			14;
			1;3;-1.344062,7.543023,-0.624771;;,
			3;3;-1.347568,7.862780,0.890494;;,
			4;3;-1.347373,7.718637,1.511883;;,
			5;3;-1.344575,7.293039,1.947842;;,
			6;3;-1.342749,6.826888,2.084095;;,
			7;3;-1.350517,6.528411,2.227330;;,
			8;3;-1.395014,5.623623,2.910611;;,
			9;3;-1.467596,5.398480,3.704158;;,
			10;3;-1.587780,5.396127,3.605888;;,
			11;3;-1.663257,5.412522,3.989864;;,
			13;3;-1.668426,4.939763,5.350820;;,
			25;3;-1.628397,4.357304,8.749134;;,
			29;3;-1.642986,4.430237,8.351835;;,
			32;3;-1.628397,4.357304,8.749134;;;
		}
		SI_AnimationKey {
			0;
			14;
			1;4;0.717605,-0.696047,-0.000000,-0.023700;;,
			3;4;0.621041,-0.783371,0.004050,-0.024942;;,
			4;4;0.595224,-0.802926,0.009494,-0.030481;;,
			5;4;0.588542,-0.807422,0.016439,-0.037652;;,
			6;4;0.631917,-0.773287,0.020171,-0.047982;;,
			7;4;0.673430,-0.735698,0.028648,-0.066481;;,
			8;4;0.657344,-0.746095,0.051579,-0.092629;;,
			9;4;0.639021,-0.754298,0.081970,-0.126366;;,
			10;4;0.766247,-0.605708,0.083355,-0.197576;;,
			11;4;0.767942,-0.580205,0.106504,-0.249570;;,
			13;4;0.704157,-0.628917,0.169778,-0.282491;;,
			25;4;0.775021,-0.412226,0.225444,-0.422596;;,
			29;4;0.826921,-0.274262,0.224057,-0.436785;;,
			32;4;0.775021,-0.412226,0.225444,-0.422596;;;
		}
	}
	Animation anim-lleg {
		{frm-lleg}
		SI_AnimationKey {
			2;
			13;
			1;3;2.174522,5.064499,-0.523440;;,
			3;3;2.180455,5.697932,0.372404;;,
			4;3;2.184518,5.566385,0.848657;;,
			5;3;2.193763,5.161121,1.262121;;,
			6;3;2.204802,4.664786,1.495604;;,
			7;3;2.206969,4.285443,1.767058;;,
			8;3;2.206007,3.388269,2.293550;;,
			9;3;2.201355,3.206677,2.916136;;,
			10;3;2.185739,3.078163,3.564286;;,
			11;3;2.180490,3.186242,4.115412;;,
			25;3;2.174509,2.433372,8.192589;;,
			29;3;2.174509,2.433372,8.192589;;,
			32;3;2.174509,2.433372,8.192589;;;
		}
		SI_AnimationKey {
			0;
			13;
			1;4;0.151795,-0.000001,0.000000,0.988412;;,
			3;4;0.149593,-0.025280,-0.172081,0.973330;;,
			4;4;0.147059,-0.030209,-0.255555,0.955067;;,
			5;4;0.145472,-0.030685,-0.296106,0.943514;;,
			6;4;0.144838,-0.028782,-0.295749,0.943783;;,
			7;4;0.144202,-0.026873,-0.295389,0.944049;;,
			8;4;0.141494,-0.035326,-0.366974,0.918728;;,
			9;4;0.144705,-0.055886,-0.437236,0.885868;;,
			10;4;0.174447,-0.084769,-0.413706,0.889511;;,
			11;4;0.194862,-0.099164,-0.387068,0.895753;;,
			25;4;0.114974,0.010921,-0.370174,0.921755;;,
			29;4;0.124419,-0.012697,-0.367107,0.921733;;,
			32;4;0.114974,0.010921,-0.370174,0.921755;;;
		}
	}
	Animation anim-lleg_low {
		{frm-lleg_low}
		SI_AnimationKey {
			2;
			11;
			1;3;-0.000000,1.809688,0.000000;;,
			3;3;-0.000000,1.809688,-0.000000;;,
			5;3;0.000001,1.809689,0.000000;;,
			7;3;0.000000,1.809688,-0.000000;;,
			8;3;0.000000,1.809688,0.000000;;,
			9;3;-0.000000,1.809688,0.000000;;,
			10;3;0.000000,1.809688,-0.000000;;,
			11;3;-0.000000,1.809689,0.000000;;,
			25;3;0.000000,1.809688,0.000000;;,
			29;3;-0.000000,1.809688,0.000001;;,
			32;3;0.000000,1.809688,0.000000;;;
		}
		SI_AnimationKey {
			0;
			11;
			1;4;0.296091,-0.145569,-0.940925,0.076164;;,
			3;4;0.283189,-0.125204,-0.940929,0.137040;;,
			5;4;0.249154,-0.067837,-0.929078,0.264830;;,
			7;4;0.204583,0.004043,-0.894917,0.396550;;,
			8;4;0.236741,-0.032104,-0.932363,0.271334;;,
			9;4;0.264075,-0.044918,-0.947592,0.174112;;,
			10;4;0.267676,-0.021465,-0.939267,0.213697;;,
			11;4;0.278580,-0.004611,-0.934722,0.220605;;,
			25;4;0.152912,0.128954,-0.929587,0.309608;;,
			29;4;0.167580,0.099615,-0.925850,0.323722;;,
			32;4;0.152912,0.128954,-0.929587,0.309608;;;
		}
	}
	Animation anim-lfoot {
		{frm-lfoot}
		SI_AnimationKey {
			2;
			13;
			1;3;0.000000,3.203576,-0.000000;;,
			3;3;0.002069,3.204939,0.002863;;,
			4;3;0.004977,3.206854,0.006886;;,
			5;3;0.008809,3.209376,0.012188;;,
			6;3;0.012995,3.212133,0.017980;;,
			7;3;0.017829,3.215316,0.024667;;,
			8;3;0.023192,3.218847,0.032087;;,
			9;3;0.028994,3.222668,0.040116;;,
			10;3;0.035526,3.226968,0.049152;;,
			11;3;0.041668,3.231012,0.057650;;,
			25;3;0.104312,3.272259,0.144322;;,
			29;3;0.104311,3.272259,0.144322;;,
			32;3;0.104312,3.272259,0.144322;;;
		}
		SI_AnimationKey {
			0;
			13;
			1;4;0.684156,0.662857,-0.225830,-0.203842;;,
			3;4;0.716617,0.626707,-0.253867,-0.171026;;,
			4;4;0.743791,0.591150,-0.278622,-0.140310;;,
			5;4;0.773691,0.544284,-0.307997,-0.101470;;,
			6;4;0.801082,0.490411,-0.338146,-0.058510;;,
			7;4;0.818996,0.446696,-0.359207,-0.026043;;,
			8;4;0.825986,0.427677,-0.366964,-0.013256;;,
			9;4;0.826939,0.424948,-0.368049,-0.011436;;,
			10;4;0.828282,0.424506,-0.365409,-0.014822;;,
			11;4;0.830997,0.423568,-0.359942,-0.021804;;,
			25;4;0.861556,0.406412,-0.279557,-0.119995;;,
			29;4;0.904974,0.244534,-0.264647,-0.226246;;,
			32;4;0.861556,0.406412,-0.279557,-0.119995;;;
		}
	}
	Animation anim-ltoes {
		{frm-ltoes}
		SI_AnimationKey {
			2;
			13;
			1;3;-0.000000,0.992912,0.000000;;,
			3;3;-0.000000,0.992912,-0.000000;;,
			4;3;0.000000,0.992912,0.000000;;,
			5;3;0.000000,0.992912,0.000000;;,
			6;3;-0.000001,0.992912,0.000000;;,
			7;3;-0.000000,0.992911,0.000000;;,
			8;3;-0.000000,0.992912,0.000000;;,
			9;3;0.000000,0.992912,-0.000000;;,
			10;3;-0.000000,0.992912,-0.000000;;,
			11;3;-0.000000,0.992912,-0.000000;;,
			25;3;-0.000001,0.992912,-0.000000;;,
			29;3;-0.000000,0.992911,-0.000000;;,
			32;3;-0.000001,0.992912,-0.000000;;;
		}
		SI_AnimationKey {
			0;
			13;
			1;4;0.998864,0.047647,-0.000000,-0.000000;;,
			3;4;0.997429,-0.071665,-0.000000,-0.000000;;,
			4;4;0.982677,-0.185326,-0.000000,-0.000000;;,
			5;4;0.945289,-0.326233,-0.000000,-0.000000;;,
			6;4;0.882123,-0.471020,-0.000000,-0.000000;;,
			7;4;0.821440,-0.570295,-0.000000,-0.000000;;,
			8;4;0.794506,-0.607256,-0.000000,-0.000000;;,
			9;4;0.790590,-0.612347,-0.000000,-0.000000;;,
			10;4;0.794511,-0.607250,-0.000000,-0.000000;;,
			11;4;0.802490,-0.596665,-0.000000,-0.000000;;,
			25;4;0.898816,-0.438327,-0.000001,-0.000001;;,
			29;4;0.898816,-0.438327,-0.000001,-0.000001;;,
			32;4;0.898816,-0.438327,-0.000001,-0.000001;;;
		}
	}
	Animation anim-lhorn {
		{frm-lhorn}
		SI_AnimationKey {
			2;
			14;
			1;3;1.344067,7.543023,-0.624767;;,
			3;3;1.345267,7.868159,0.868218;;,
			4;3;1.333133,7.717119,1.503443;;,
			5;3;1.321745,7.283696,1.965613;;,
			6;3;1.319402,6.818223,2.116289;;,
			7;3;1.303217,6.517755,2.304386;;,
			8;3;1.273575,5.568015,3.076631;;,
			9;3;1.195418,5.320405,3.959074;;,
			10;3;0.977326,5.538509,3.986573;;,
			11;3;0.827531,5.603598,4.496306;;,
			13;3;0.786253,4.957813,5.995746;;,
			25;3;0.895926,4.357304,9.673164;;,
			29;3;0.808681,4.597625,9.441493;;,
			32;3;0.895926,4.357304,9.673164;;;
		}
		SI_AnimationKey {
			0;
			14;
			1;4;0.717214,-0.696450,-0.023689,0.000708;;,
			3;4;0.615021,-0.788175,-0.022954,-0.001535;;,
			4;4;0.586527,-0.809623,-0.022257,-0.001493;;,
			5;4;0.579111,-0.814947,-0.022114,-0.001422;;,
			6;4;0.611097,-0.791272,-0.021173,0.000972;;,
			7;4;0.642219,-0.766248,-0.020195,0.003373;;,
			8;4;0.601213,-0.798855,-0.019126,0.002839;;,
			9;4;0.558578,-0.829313,-0.012775,-0.008216;;,
			10;4;0.709732,-0.702779,-0.002005,-0.048761;;,
			11;4;0.712302,-0.697546,0.008213,-0.077377;;,
			13;4;0.617876,-0.784228,0.019256,-0.053336;;,
			25;4;0.640329,-0.761592,0.043281,0.089908;;,
			29;4;0.817434,-0.572926,-0.059614,-0.001613;;,
			32;4;0.640329,-0.761592,0.043281,0.089908;;;
		}
	}
	Animation anim-rwsk_a1 {
		{frm-rwsk_a1}
		SI_AnimationKey {
			2;
			14;
			1;3;-0.999776,6.189647,1.828068;;,
			3;3;-0.985998,5.917892,2.884722;;,
			4;3;-1.009106,5.599667,3.379500;;,
			5;3;-1.043977,5.184069,3.788188;;,
			6;3;-1.077266,4.885697,4.022505;;,
			7;3;-1.121115,4.726254,4.262084;;,
			8;3;-1.165744,3.634348,4.704639;;,
			9;3;-1.251222,3.192395,5.201492;;,
			10;3;-1.419940,3.821756,5.780324;;,
			11;3;-1.549260,3.805240,6.179219;;,
			13;3;-1.659669,2.754222,7.023757;;,
			25;3;-1.913246,2.185228,10.528893;;,
			29;3;-2.082762,2.616501,10.469276;;,
			32;3;-1.913246,2.185228,10.528893;;;
		}
		SI_AnimationKey {
			0;
			14;
			1;4;0.773422,0.231578,-0.000000,-0.590076;;,
			3;4;0.803770,0.123872,0.081590,-0.576153;;,
			4;4;0.817211,0.091910,0.104832,-0.559222;;,
			5;4;0.828599,0.081419,0.113998,-0.542032;;,
			6;4;0.835280,0.109195,0.095742,-0.530299;;,
			7;4;0.841117,0.140934,0.080509,-0.515925;;,
			8;4;0.850433,0.113430,0.126717,-0.497835;;,
			9;4;0.858865,0.085786,0.174789,-0.473751;;,
			10;4;0.831108,0.260949,0.126210,-0.474590;;,
			11;4;0.837340,0.265444,0.164018,-0.448887;;,
			13;4;0.890354,0.142085,0.231826,-0.365156;;,
			25;4;0.951132,0.147860,0.234394,-0.136180;;,
			29;4;0.925094,0.239302,0.254817,-0.148337;;,
			32;4;0.951132,0.147860,0.234394,-0.136180;;;
		}
	}
	Animation anim-rwsk_a2 {
		{frm-rwsk_a2}
		SI_AnimationKey {
			2;
			13;
			1;3;-0.000001,1.653947,-0.000000;;,
			3;3;-0.000000,1.653947,0.000000;;,
			4;3;0.000000,1.653947,0.000000;;,
			5;3;-0.000000,1.653947,-0.000000;;,
			6;3;0.000000,1.653947,0.000000;;,
			7;3;-0.000000,1.653947,0.000000;;,
			8;3;0.000000,1.653947,-0.000000;;,
			9;3;-0.000000,1.653947,0.000001;;,
			10;3;-0.000001,1.653947,-0.000000;;,
			11;3;0.000000,1.653947,-0.000000;;,
			25;3;-0.000000,1.653947,-0.000001;;,
			29;3;0.000000,1.653947,0.000001;;,
			32;3;-0.000000,1.653947,-0.000001;;;
		}
		SI_AnimationKey {
			0;
			13;
			1;4;0.825224,0.456714,-0.166870,0.287355;;,
			3;4;0.827155,0.456946,-0.162581,0.283872;;,
			4;4;0.829865,0.457224,-0.156589,0.278838;;,
			5;4;0.833380,0.457530,-0.148693,0.272093;;,
			6;4;0.837157,0.457778,-0.140083,0.264545;;,
			7;4;0.841439,0.457945,-0.130179,0.255578;;,
			8;4;0.846076,0.457982,-0.119237,0.245336;;,
			9;4;0.850916,0.457867,-0.107400,0.234020;;,
			10;4;0.856044,0.457600,-0.093942,0.221281;;,
			11;4;0.860731,0.457093,-0.081477,0.208736;;,
			25;4;0.896050,0.438506,0.035866,0.059332;;,
			29;4;0.896050,0.438506,0.035866,0.059332;;,
			32;4;0.896050,0.438506,0.035866,0.059332;;;
		}
	}
	Animation anim-rwsk_b1 {
		{frm-rwsk_b1}
		SI_AnimationKey {
			2;
			14;
			1;3;-0.591656,5.372601,2.277413;;,
			3;3;-0.605019,5.003144,3.082353;;,
			4;3;-0.618768,4.662045,3.543820;;,
			5;3;-0.642892,4.241719,3.974557;;,
			6;3;-0.672406,3.958587,4.273673;;,
			7;3;-0.696082,3.828158,4.556716;;,
			8;3;-0.720210,2.695859,4.919340;;,
			9;3;-0.836937,2.218761,5.335937;;,
			10;3;-1.122282,3.010159,6.235573;;,
			11;3;-1.316643,2.965555,6.652365;;,
			13;3;-1.383841,1.817675,7.265334;;,
			25;3;-1.568285,1.259451,10.773788;;,
			29;3;-1.863056,1.956211,10.861408;;,
			32;3;-1.568285,1.259451,10.773788;;;
		}
		SI_AnimationKey {
			0;
			14;
			1;4;0.646344,0.095901,-0.000000,-0.756996;;,
			3;4;0.654198,-0.001725,0.098943,-0.749822;;,
			4;4;0.655019,-0.031294,0.123326,-0.744823;;,
			5;4;0.655808,-0.042985,0.126554,-0.743002;;,
			6;4;0.659965,-0.031367,0.089091,-0.745335;;,
			7;4;0.661394,-0.016727,0.054487,-0.747870;;,
			8;4;0.653943,-0.054805,0.094222,-0.748650;;,
			9;4;0.642289,-0.087765,0.139169,-0.748595;;,
			10;4;0.634314,0.053740,0.006801,-0.771175;;,
			11;4;0.627278,0.063230,0.019031,-0.775991;;,
			13;4;0.634326,-0.049085,0.104012,-0.764462;;,
			25;4;0.668142,-0.211768,-0.021796,-0.712928;;,
			29;4;0.799526,-0.185075,0.019980,-0.571057;;,
			32;4;0.668142,-0.211768,-0.021796,-0.712928;;;
		}
	}
	Animation anim-rwsk_b2 {
		{frm-rwsk_b2}
		SI_AnimationKey {
			2;
			13;
			1;3;0.000001,1.646883,-0.000000;;,
			3;3;0.000001,1.646884,0.000000;;,
			4;3;0.000000,1.646883,-0.000000;;,
			5;3;0.000000,1.646883,0.000000;;,
			6;3;0.000000,1.646884,0.000000;;,
			7;3;-0.000000,1.646883,-0.000000;;,
			8;3;-0.000000,1.646883,0.000000;;,
			9;3;-0.000000,1.646884,-0.000000;;,
			10;3;0.000000,1.646883,-0.000001;;,
			11;3;-0.000000,1.646883,-0.000000;;,
			25;3;-0.000000,1.646884,0.000001;;,
			29;3;0.000000,1.646883,-0.000002;;,
			32;3;-0.000000,1.646884,0.000001;;;
		}
		SI_AnimationKey {
			0;
			13;
			1;4;0.886869,0.424669,0.149614,-0.103611;;,
			3;4;0.888522,0.421477,0.149957,-0.101975;;,
			4;4;0.890824,0.416975,0.150436,-0.099671;;,
			5;4;0.893817,0.411017,0.151061,-0.096627;;,
			6;4;0.897037,0.404473,0.151735,-0.093291;;,
			7;4;0.900687,0.396875,0.152502,-0.089427;;,
			8;4;0.904650,0.388394,0.153338,-0.085125;;,
			9;4;0.908835,0.379159,0.154226,-0.080454;;,
			10;4;0.913412,0.368697,0.155203,-0.075180;;,
			11;4;0.917589,0.358797,0.156100,-0.070204;;,
			25;4;0.952637,0.255411,0.163957,-0.019128;;,
			29;4;0.952637,0.255411,0.163957,-0.019128;;,
			32;4;0.952637,0.255411,0.163957,-0.019128;;;
		}
	}
	Animation anim-rwsk_c1 {
		{frm-rwsk_c1}
		SI_AnimationKey {
			2;
			14;
			1;3;-0.688229,4.087585,1.513421;;,
			3;3;-0.694812,3.983762,2.003126;;,
			4;3;-0.706188,3.728225,2.405998;;,
			5;3;-0.698892,3.309752,2.841519;;,
			6;3;-0.705410,2.965314,3.224503;;,
			7;3;-0.735054,2.803280,3.569388;;,
			8;3;-0.739793,1.792878,3.799294;;,
			9;3;-0.771428,1.450110,4.097597;;,
			10;3;-0.861655,1.878753,5.393824;;,
			11;3;-0.940644,1.923971,5.816978;;,
			13;3;-0.986001,1.009582,6.145768;;,
			25;3;-1.250291,0.353122,9.624125;;,
			29;3;-1.381044,0.650808,9.960979;;,
			32;3;-1.250291,0.353122,9.624125;;;
		}
		SI_AnimationKey {
			0;
			14;
			1;4;0.448148,-0.127124,-0.000000,-0.884875;;,
			3;4;0.430592,-0.185327,0.122651,-0.874758;;,
			4;4;0.427921,-0.196953,0.164552,-0.866611;;,
			5;4;0.427694,-0.198461,0.180670,-0.863162;;,
			6;4;0.443074,-0.173461,0.161655,-0.864560;;,
			7;4;0.458066,-0.147981,0.142236,-0.864897;;,
			8;4;0.458094,-0.149925,0.180689,-0.857335;;,
			9;4;0.454655,-0.139217,0.242826,-0.845543;;,
			10;4;0.452625,-0.003651,0.127920,-0.882470;;,
			11;4;0.438481,0.035446,0.170262,-0.881754;;,
			13;4;0.467218,-0.004342,0.319832,-0.824255;;,
			25;4;0.608277,0.041591,0.368628,-0.701700;;,
			29;4;0.590557,0.123286,0.324951,-0.728320;;,
			32;4;0.555842,0.044422,0.372607,-0.741775;;;
		}
	}
	Animation anim-rwsk_c2 {
		{frm-rwsk_c2}
		SI_AnimationKey {
			2;
			13;
			1;3;0.000000,1.474546,0.000000;;,
			3;3;-0.000000,1.474546,-0.000000;;,
			4;3;-0.000000,1.474547,0.000000;;,
			5;3;-0.000000,1.474546,-0.000001;;,
			6;3;0.000000,1.474546,0.000000;;,
			7;3;0.000000,1.474547,-0.000000;;,
			8;3;0.000000,1.474546,-0.000000;;,
			9;3;0.000000,1.474547,0.000000;;,
			10;3;0.000000,1.474546,-0.000001;;,
			11;3;0.000000,1.474547,-0.000000;;,
			25;3;-0.000000,1.474546,-0.000000;;,
			29;3;-0.000000,1.474546,-0.000000;;,
			32;3;-0.000000,1.474546,0.000001;;;
		}
		SI_AnimationKey {
			0;
			13;
			1;4;0.949521,0.291289,-0.106267,-0.047610;;,
			3;4;0.949521,0.291289,-0.106267,-0.047610;;,
			4;4;0.949521,0.291289,-0.106267,-0.047610;;,
			5;4;0.949521,0.291289,-0.106267,-0.047610;;,
			6;4;0.949522,0.291289,-0.106267,-0.047610;;,
			7;4;0.949521,0.291289,-0.106267,-0.047610;;,
			8;4;0.949522,0.291289,-0.106267,-0.047610;;,
			9;4;0.949522,0.291289,-0.106267,-0.047610;;,
			10;4;0.949521,0.291289,-0.106267,-0.047610;;,
			11;4;0.949521,0.291289,-0.106267,-0.047610;;,
			25;4;0.949522,0.291289,-0.106267,-0.047610;;,
			29;4;0.949522,0.291289,-0.106267,-0.047610;;,
			32;4;0.938129,0.286217,0.002882,-0.194901;;;
		}
	}
	Animation anim-other {
		{frm-other}
		SI_AnimationKey {
			2;
			14;
			1;3;0.000000,5.765172,-1.056992;;,
			3;3;-0.000001,6.275936,-0.028947;;,
			4;3;-0.000002,6.176497,0.517256;;,
			5;3;-0.000002,5.824662,0.980944;;,
			6;3;-0.000003,5.358368,1.213161;;,
			7;3;-0.000003,4.954958,1.482203;;,
			8;3;-0.000808,4.090876,2.080517;;,
			9;3;-0.006443,3.938818,2.743629;;,
			10;3;-0.028498,3.763657,3.284143;;,
			11;3;-0.043480,3.845938,3.724325;;,
			13;3;-0.037688,3.482533,4.712837;;,
			25;3;-0.000014,2.869855,8.210674;;,
			29;3;-0.000014,2.869855,8.210674;;,
			32;3;-0.000014,2.869855,8.210674;;;
		}
		SI_AnimationKey {
			0;
			14;
			1;4;0.707107,-0.707107,0.000000,0.000000;;,
			3;4;0.602359,-0.798226,0.000374,-0.000419;;,
			4;4;0.571603,-0.820529,0.000959,-0.001013;;,
			5;4;0.562811,-0.826581,0.001892,-0.001968;;,
			6;4;0.591717,-0.806132,0.003239,-0.003440;;,
			7;4;0.619996,-0.784512,0.008073,-0.009055;;,
			8;4;0.575162,-0.817359,0.022064,-0.025011;;,
			9;4;0.527673,-0.846943,0.039699,-0.051703;;,
			10;4;0.676953,-0.726002,0.041144,-0.113852;;,
			11;4;0.670827,-0.724620,0.052001,-0.149040;;,
			13;4;0.560288,-0.810393,0.084854,-0.148798;;,
			25;4;0.550978,-0.816061,0.097673,-0.144666;;,
			29;4;0.619450,-0.756505,0.106688,-0.180555;;,
			32;4;0.550978,-0.816061,0.097673,-0.144666;;;
		}
	}
	Animation anim-hp_com {
		{frm-hp_com}
		SI_AnimationKey {
			2;
			13;
			1;3;-0.000000,1.829036,0.000000;;,
			3;3;-0.000000,1.829036,0.000000;;,
			4;3;-0.000000,1.829037,-0.000000;;,
			5;3;0.000000,1.829036,-0.000000;;,
			6;3;0.000000,1.829037,0.000000;;,
			7;3;0.000000,1.829037,0.000001;;,
			8;3;0.000000,1.829037,0.000001;;,
			9;3;-0.000000,1.829037,0.000000;;,
			10;3;0.000000,1.829036,-0.000000;;,
			11;3;0.000000,1.829037,-0.000000;;,
			25;3;-0.000000,1.829036,-0.000000;;,
			29;3;-0.000000,1.829036,0.000001;;,
			32;3;-0.000000,1.829036,-0.000000;;;
		}
		SI_AnimationKey {
			0;
			13;
			1;4;0.707106,0.707107,-0.000000,0.000000;;,
			3;4;0.707106,0.707107,-0.000000,0.000000;;,
			4;4;0.707106,0.707107,-0.000000,-0.000000;;,
			5;4;0.707106,0.707107,0.000000,0.000000;;,
			6;4;0.707106,0.707107,-0.000000,-0.000000;;,
			7;4;0.707106,0.707107,0.000000,-0.000000;;,
			8;4;0.707106,0.707107,-0.000000,0.000000;;,
			9;4;0.707106,0.707107,-0.000000,-0.000000;;,
			10;4;0.707106,0.707107,0.000000,-0.000000;;,
			11;4;0.707106,0.707107,-0.000000,0.000000;;,
			25;4;0.707106,0.707107,-0.000000,-0.000000;;,
			29;4;0.707106,0.707107,0.000000,-0.000000;;,
			32;4;0.707106,0.707107,-0.000000,-0.000000;;;
		}
	}
	Animation anim-hp_eyepoint {
		{frm-hp_eyepoint}
		SI_AnimationKey {
			2;
			13;
			1;3;-0.000000,1.450112,0.000000;;,
			3;3;-0.000000,1.450112,0.000000;;,
			4;3;-0.000000,1.450114,0.000000;;,
			5;3;-0.000000,1.450113,-0.000000;;,
			6;3;0.000000,1.450113,0.000000;;,
			7;3;-0.000000,1.450112,0.000000;;,
			8;3;-0.000000,1.450112,0.000001;;,
			9;3;0.000000,1.450112,0.000000;;,
			10;3;0.000000,1.450113,0.000000;;,
			11;3;-0.000000,1.450113,-0.000001;;,
			25;3;-0.000000,1.450113,0.000000;;,
			29;3;-0.000000,1.450113,0.000000;;,
			32;3;-0.000000,1.450113,0.000000;;;
		}
		SI_AnimationKey {
			0;
			13;
			1;4;1.000000,0.000000,0.000000,-0.000000;;,
			3;4;1.000000,0.000000,0.000000,-0.000000;;,
			4;4;1.000000,0.000000,-0.000000,0.000000;;,
			5;4;1.000000,0.000000,0.000000,-0.000000;;,
			6;4;1.000000,0.000000,0.000000,-0.000000;;,
			7;4;1.000000,0.000000,0.000000,0.000000;;,
			8;4;1.000000,0.000000,0.000000,-0.000000;;,
			9;4;1.000000,0.000000,-0.000000,0.000000;;,
			10;4;1.000000,0.000000,0.000000,0.000000;;,
			11;4;1.000000,0.000000,-0.000000,0.000000;;,
			25;4;1.000000,0.000000,-0.000000,0.000000;;,
			29;4;1.000000,0.000000,-0.000000,0.000000;;,
			32;4;1.000000,0.000000,-0.000000,0.000000;;;
		}
	}
	Animation anim-smokelink {
		{frm-smokelink}
		SI_AnimationKey {
			2;
			13;
			1;3;-0.000000,1.829036,0.000000;;,
			3;3;-0.000000,1.829036,0.000000;;,
			4;3;-0.000000,1.829037,-0.000000;;,
			5;3;0.000000,1.829036,-0.000000;;,
			6;3;0.000000,1.829037,0.000000;;,
			7;3;0.000000,1.829037,0.000001;;,
			8;3;0.000000,1.829037,0.000001;;,
			9;3;-0.000000,1.829037,0.000000;;,
			10;3;0.000000,1.829036,-0.000000;;,
			11;3;0.000000,1.829037,-0.000000;;,
			25;3;-0.000000,1.829036,-0.000000;;,
			29;3;-0.000000,1.829036,0.000001;;,
			32;3;-0.000000,1.829036,-0.000000;;;
		}
		SI_AnimationKey {
			0;
			13;
			1;4;0.767434,-0.641128,-0.000000,-0.000000;;,
			3;4;0.767434,-0.641128,-0.000000,-0.000000;;,
			4;4;0.767434,-0.641128,-0.000000,-0.000000;;,
			5;4;0.767434,-0.641128,-0.000000,-0.000000;;,
			6;4;0.767434,-0.641128,-0.000000,-0.000000;;,
			7;4;0.767434,-0.641128,-0.000000,-0.000000;;,
			8;4;0.767434,-0.641128,-0.000000,-0.000000;;,
			9;4;0.767434,-0.641128,-0.000000,-0.000000;;,
			10;4;0.767434,-0.641128,-0.000000,-0.000000;;,
			11;4;0.767434,-0.641128,-0.000000,-0.000000;;,
			25;4;0.767434,-0.641128,-0.000000,-0.000000;;,
			29;4;0.767434,-0.641128,-0.000000,-0.000000;;,
			32;4;0.767434,-0.641128,-0.000000,-0.000000;;;
		}
	}
	Animation anim-hp_smoke {
		{frm-hp_smoke}
		SI_AnimationKey {
			2;
			13;
			1;3;-0.000000,1.263449,-0.000000;;,
			3;3;-0.000000,1.263449,-0.000000;;,
			4;3;0.000000,1.263450,-0.000000;;,
			5;3;0.000000,1.263450,-0.000000;;,
			6;3;-0.000000,1.263449,-0.000000;;,
			7;3;-0.000000,1.263449,0.000000;;,
			8;3;-0.000000,1.263449,0.000000;;,
			9;3;0.000000,1.263449,-0.000000;;,
			10;3;0.000000,1.263449,-0.000000;;,
			11;3;-0.000000,1.263449,0.000000;;,
			25;3;0.000000,1.263449,-0.000000;;,
			29;3;-0.000000,1.263449,0.000001;;,
			32;3;0.000000,1.263449,-0.000000;;;
		}
		SI_AnimationKey {
			0;
			13;
			1;4;0.861071,-0.508478,-0.000483,-0.002379;;,
			3;4;0.861071,-0.508478,-0.000483,-0.002379;;,
			4;4;0.861071,-0.508478,-0.000483,-0.002379;;,
			5;4;0.861071,-0.508478,-0.000483,-0.002379;;,
			6;4;0.861071,-0.508478,-0.000483,-0.002379;;,
			7;4;0.861071,-0.508478,-0.000483,-0.002379;;,
			8;4;0.861071,-0.508478,-0.000483,-0.002379;;,
			9;4;0.861071,-0.508478,-0.000483,-0.002379;;,
			10;4;0.861071,-0.508478,-0.000483,-0.002379;;,
			11;4;0.861071,-0.508478,-0.000483,-0.002379;;,
			25;4;0.861071,-0.508478,-0.000483,-0.002379;;,
			29;4;0.861071,-0.508478,-0.000483,-0.002379;;,
			32;4;0.861071,-0.508478,-0.000483,-0.002379;;;
		}
	}
	Animation anim-lwsk_a1 {
		{frm-lwsk_a1}
		SI_AnimationKey {
			2;
			14;
			1;3;0.999773,6.189647,1.828071;;,
			3;3;1.022243,5.915730,2.870771;;,
			4;3;1.004277,5.587116,3.387726;;,
			5;3;0.981056,5.164225,3.824594;;,
			6;3;0.974348,4.875344,4.072431;;,
			7;3;0.942341,4.717802,4.346980;;,
			8;3;0.868810,3.533973,4.885584;;,
			9;3;0.736387,3.086654,5.488499;;,
			10;3;0.541841,3.962263,6.149928;;,
			11;3;0.406935,3.965640,6.640708;;,
			13;3;0.281605,2.770269,7.576797;;,
			25;3;-0.035544,2.185230,11.216225;;,
