xsi 0101txt 0032

SI_CoordinateSystem coord {
	1;
	0;
	1;
	0;
	2;
	5;
}

Frame frm-hp_bones {
	FrameTransformMatrix {
		1.000000,0.000002,0.000000,0.000000,
		-0.000002,1.000000,-0.000001,0.000000,
		-0.000000,0.000001,1.000000,0.000000,
		0.000001,0.000001,-0.880770,1.000000;;
	}
		Frame frm-body {
			FrameTransformMatrix {
				1.000000,0.000000,0.000000,0.000000,
				0.000000,1.000000,0.000000,0.000000,
				0.000000,0.000000,1.000000,0.000000,
				-0.000008,4.018449,0.032715,1.000000;;
			}
				Frame frm-cockpit {
					FrameTransformMatrix {
						1.000000,-0.000000,-0.000000,0.000000,
						-0.000000,1.000000,0.000000,0.000000,
						0.000000,-0.000000,1.000000,0.000000,
						-0.000005,3.519198,0.288934,1.000000;;
					}
				}
		}
		Frame frm-rleg {
			FrameTransformMatrix {
				-0.953915,0.300071,-0.000003,0.000000,
				-0.300071,-0.953917,0.000000,0.000000,
				-0.000003,0.000001,1.000000,0.000000,
				-2.174518,5.064499,-0.523447,1.000000;;
			}
			SI_FrameBasePoseMatrix {
				-0.953915,0.300071,-0.000003,0.000000,
				-0.300071,-0.953917,0.000000,0.000000,
				-0.000003,0.000001,1.000000,0.000000,
				-2.174518,5.064499,-0.523447,1.000000;;
			}
				Frame frm-rleg_low {
					FrameTransformMatrix {
						-0.759596,-0.291286,-0.581521,0.000000,
						-0.319041,0.946018,-0.057126,0.000000,
						0.566769,0.142136,-0.811523,0.000000,
						-0.000000,1.809688,0.000000,1.000000;;
					}
					SI_FrameBasePoseMatrix {
						-0.759596,-0.291286,-0.581521,0.000000,
						-0.319041,0.946018,-0.057126,0.000000,
						0.566769,0.142136,-0.811523,0.000000,
						-0.000000,1.809688,0.000000,1.000000;;
					}
						Frame frm-rfoot {
							FrameTransformMatrix {
								0.811999,0.020464,-0.583300,0.000000,
								-0.583632,0.038144,-0.811122,0.000000,
								0.005651,0.999063,0.042917,0.000000,
								-0.000000,3.203576,-0.000000,1.000000;;
							}
							SI_FrameBasePoseMatrix {
								0.811999,0.020464,-0.583300,0.000000,
								-0.583632,0.038144,-0.811122,0.000000,
								0.005651,0.999063,0.042917,0.000000,
								-0.000000,3.203576,-0.000000,1.000000;;
							}
								Frame frm-rtoes {
									FrameTransformMatrix {
										1.000000,0.000000,-0.000001,0.000000,
										-0.000000,0.995460,-0.095186,0.000000,
										0.000001,0.095186,0.995460,0.000000,
										-0.000000,0.992858,-0.000000,1.000000;;
									}
									SI_FrameBasePoseMatrix {
										1.000000,0.000000,-0.000001,0.000000,
										-0.000000,0.995460,-0.095186,0.000000,
										0.000001,0.095186,0.995460,0.000000,
										-0.000000,0.992858,-0.000000,1.000000;;
									}
								}
						}
				}
		}
		Frame frm-rhorn {
			FrameTransformMatrix {
				0.998877,0.034015,0.032993,0.000000,
				-0.034015,0.029914,0.998974,0.000000,
				0.032993,-0.998974,0.031037,0.000000,
				-1.344062,7.543023,-0.624771,1.000000;;
			}
			SI_FrameBasePoseMatrix {
				0.998877,0.034015,0.032993,0.000000,
				-0.034015,0.029914,0.998974,0.000000,
				0.032993,-0.998974,0.031037,0.000000,
				-1.344062,7.543023,-0.624771,1.000000;;
			}
		}
		Frame frm-lleg {
			FrameTransformMatrix {
				-0.953915,-0.300071,-0.000003,0.000000,
				0.300071,-0.953917,0.000001,0.000000,
				-0.000003,0.000000,1.000000,0.000000,
				2.174522,5.064499,-0.523440,1.000000;;
			}
			SI_FrameBasePoseMatrix {
				-0.953915,-0.300071,-0.000003,0.000000,
				0.300071,-0.953917,0.000001,0.000000,
				-0.000003,0.000000,1.000000,0.000000,
				2.174522,5.064499,-0.523440,1.000000;;
			}
				Frame frm-lleg_low {
					FrameTransformMatrix {
						-0.782280,0.228835,-0.579372,0.000000,
						0.319041,0.946018,-0.057125,0.000000,
						0.535024,-0.229532,-0.813059,0.000000,
						-0.000000,1.809688,0.000000,1.000000;;
					}
					SI_FrameBasePoseMatrix {
						-0.782280,0.228835,-0.579372,0.000000,
						0.319041,0.946018,-0.057125,0.000000,
						0.535024,-0.229532,-0.813059,0.000000,
						-0.000000,1.809688,0.000000,1.000000;;
					}
						Frame frm-lfoot {
							FrameTransformMatrix {
								0.814898,-0.020466,-0.579242,0.000000,
								-0.578306,0.038139,-0.814928,0.000000,
								0.038770,0.999063,0.019243,0.000000,
								0.000000,3.203576,-0.000000,1.000000;;
							}
							SI_FrameBasePoseMatrix {
								0.814898,-0.020466,-0.579242,0.000000,
								-0.578306,0.038139,-0.814928,0.000000,
								0.038770,0.999063,0.019243,0.000000,
								0.000000,3.203576,-0.000000,1.000000;;
							}
								Frame frm-ltoes {
									FrameTransformMatrix {
										1.000000,0.000000,-0.000000,0.000000,
										-0.000000,0.995459,-0.095186,0.000000,
										0.000000,0.095186,0.995459,0.000000,
										-0.000000,0.992912,0.000000,1.000000;;
									}
									SI_FrameBasePoseMatrix {
										1.000000,0.000000,-0.000000,0.000000,
										-0.000000,0.995459,-0.095186,0.000000,
										0.000000,0.095186,0.995459,0.000000,
										-0.000000,0.992912,0.000000,1.000000;;
									}
								}
						}
				}
		}
		Frame frm-lhorn {
			FrameTransformMatrix {
				0.998877,0.031980,-0.034966,0.000000,
				0.034012,0.029914,0.998974,0.000000,
				0.032993,-0.999041,0.028793,0.000000,
				1.344067,7.543023,-0.624767,1.000000;;
			}
			SI_FrameBasePoseMatrix {
				0.998877,0.031980,-0.034966,0.000000,
				0.034012,0.029914,0.998974,0.000000,
				0.032993,-0.999041,0.028793,0.000000,
				1.344067,7.543023,-0.624767,1.000000;;
			}
		}
		Frame frm-rwsk_a1 {
			FrameTransformMatrix {
				0.303621,0.912756,-0.273297,0.000000,
				-0.912756,0.196365,-0.358214,0.000000,
				-0.273296,0.358215,0.892744,0.000000,
				-0.999776,6.189647,1.828068,1.000000;;
			}
			SI_FrameBasePoseMatrix {
				0.303621,0.912756,-0.273297,0.000000,
				-0.912756,0.196365,-0.358214,0.000000,
				-0.273296,0.358215,0.892744,0.000000,
				-0.999776,6.189647,1.828068,1.000000;;
			}
				Frame frm-rwsk_a2 {
					FrameTransformMatrix {
						0.779163,-0.626688,-0.012933,0.000000,
						0.321840,0.417679,-0.849684,0.000000,
						0.537889,0.657880,0.527133,0.000000,
						-0.000001,1.653947,-0.000000,1.000000;;
					}
					SI_FrameBasePoseMatrix {
						0.779163,-0.626688,-0.012933,0.000000,
						0.321840,0.417679,-0.849684,0.000000,
						0.537889,0.657880,0.527133,0.000000,
						-0.000001,1.653947,-0.000000,1.000000;;
					}
				}
		}
		Frame frm-rwsk_b1 {
			FrameTransformMatrix {
				-0.146085,0.978559,-0.145194,0.000000,
				-0.978559,-0.164479,-0.123969,0.000000,
				-0.145193,0.123971,0.981606,0.000000,
				-0.591656,5.372601,2.277413,1.000000;;
			}
			SI_FrameBasePoseMatrix {
				-0.146085,0.978559,-0.145194,0.000000,
				-0.978559,-0.164479,-0.123969,0.000000,
				-0.145193,0.123971,0.981606,0.000000,
				-0.591656,5.372601,2.277413,1.000000;;
			}
				Frame frm-rwsk_b2 {
					FrameTransformMatrix {
						0.933761,0.310851,0.177375,0.000000,
						-0.056706,0.617842,-0.784255,0.000000,
						-0.353376,0.722248,0.594544,0.000000,
						0.000001,1.646883,-0.000000,1.000000;;
					}
					SI_FrameBasePoseMatrix {
						0.933761,0.310851,0.177375,0.000000,
						-0.056706,0.617842,-0.784255,0.000000,
						-0.353376,0.722248,0.594544,0.000000,
						0.000001,1.646883,-0.000000,1.000000;;
					}
				}
		}
		Frame frm-rwsk_c1 {
			FrameTransformMatrix {
				-0.566006,0.793110,0.224977,0.000000,
				-0.793110,-0.598327,0.113941,0.000000,
				0.224977,-0.113940,0.967679,0.000000,
				-0.688229,4.087585,1.513421,1.000000;;
			}
			SI_FrameBasePoseMatrix {
				-0.566006,0.793110,0.224977,0.000000,
				-0.793110,-0.598327,0.113941,0.000000,
				0.224977,-0.113940,0.967679,0.000000,
				-0.688229,4.087585,1.513421,1.000000;;
			}
				Frame frm-rwsk_c2 {
					FrameTransformMatrix {
						0.972881,0.028504,-0.229542,0.000000,
						-0.152322,0.825767,-0.543052,0.000000,
						0.174069,0.563290,0.807716,0.000000,
						0.000000,1.474546,0.000000,1.000000;;
					}
					SI_FrameBasePoseMatrix {
						0.972881,0.028504,-0.229542,0.000000,
						-0.152322,0.825767,-0.543052,0.000000,
						0.174069,0.563290,0.807716,0.000000,
						0.000000,1.474546,0.000000,1.000000;;
					}
				}
		}
		Frame frm-other {
			FrameTransformMatrix {
				1.000000,0.000000,0.000000,0.000000,
				0.000000,0.000000,1.000000,0.000000,
				0.000000,-1.000000,0.000000,0.000000,
				0.000000,5.765172,-1.056992,1.000000;;
			}
			SI_FrameBasePoseMatrix {
				1.000000,0.000000,0.000000,0.000000,
				0.000000,0.000000,1.000000,0.000000,
				0.000000,-1.000000,0.000000,0.000000,
				0.000000,5.765172,-1.056992,1.000000;;
			}
		}
		Frame frm-lwsk_a1 {
			FrameTransformMatrix {
				0.303619,0.260547,0.916477,0.000000,
				0.912757,0.196365,-0.358212,0.000000,
				-0.273295,0.945281,-0.178196,0.000000,
				0.999773,6.189647,1.828071,1.000000;;
			}
			SI_FrameBasePoseMatrix {
				0.303619,0.260547,0.916477,0.000000,
				0.912757,0.196365,-0.358212,0.000000,
				-0.273295,0.945281,-0.178196,0.000000,
				0.999773,6.189647,1.828071,1.000000;;
			}
				Frame frm-lwsk_a2 {
					FrameTransformMatrix {
						0.473328,0.824857,0.309146,0.000000,
						-0.878744,0.417679,0.230985,0.000000,
						0.061406,-0.380992,0.922537,0.000000,
						0.000000,1.653947,0.000001,1.000000;;
					}
					SI_FrameBasePoseMatrix {
						0.473328,0.824857,0.309146,0.000000,
						-0.878744,0.417679,0.230985,0.000000,
						0.061406,-0.380992,0.922537,0.000000,
						0.000000,1.653947,0.000001,1.000000;;
					}
				}
		}
		Frame frm-lwsk_b1 {
			FrameTransformMatrix {
				-0.146084,-0.129973,-0.980697,0.000000,
				0.978560,-0.164479,-0.123967,0.000000,
				-0.145191,-0.977780,0.151214,0.000000,
				0.591651,5.372601,2.277415,1.000000;;
			}
			SI_FrameBasePoseMatrix {
				-0.146084,-0.129973,-0.980697,0.000000,
				0.978560,-0.164479,-0.123967,0.000000,
				-0.145191,-0.977780,0.151214,0.000000,
				0.591651,5.372601,2.277415,1.000000;;
			}
				Frame frm-lwsk_b2 {
					FrameTransformMatrix {
						0.454629,-0.516374,-0.725721,0.000000,
						0.784588,0.617842,0.051893,0.000000,
						0.421585,-0.592984,0.686030,0.000000,
						0.000000,1.646884,0.000000,1.000000;;
					}
					SI_FrameBasePoseMatrix {
						0.454629,-0.516374,-0.725721,0.000000,
						0.784588,0.617842,0.051893,0.000000,
						0.421585,-0.592984,0.686030,0.000000,
						0.000000,1.646884,0.000000,1.000000;;
					}
				}
		}
		Frame frm-lwsk_c1 {
			FrameTransformMatrix {
				-0.566006,-0.654909,0.500730,0.000000,
				0.793109,-0.598327,0.113943,0.000000,
				0.224978,0.461626,0.858071,0.000000,
				0.688227,4.087585,1.513423,1.000000;;
			}
			SI_FrameBasePoseMatrix {
				-0.566006,-0.654909,0.500730,0.000000,
				0.793109,-0.598327,0.113943,0.000000,
				0.224978,0.461626,0.858071,0.000000,
				0.688227,4.087585,1.513423,1.000000;;
			}
				Frame frm-lwsk_c2 {
					FrameTransformMatrix {
						-0.055509,0.503768,0.862054,0.000000,
						-0.262052,0.825767,-0.499437,0.000000,
						-0.963456,-0.253626,0.086176,0.000000,
						0.000000,1.474546,-0.000000,1.000000;;
					}
					SI_FrameBasePoseMatrix {
						-0.055509,0.503768,0.862054,0.000000,
						-0.262052,0.825767,-0.499437,0.000000,
						-0.963456,-0.253626,0.086176,0.000000,
						0.000000,1.474546,-0.000000,1.000000;;
					}
				}
		}
}

AnimationSet {
	Animation anim-rleg {
		{frm-rleg}
		SI_AnimationKey {
			2;
			5;
			1;3;-2.174518,5.064499,-0.523447;;,
			5;3;-2.137310,5.472902,-0.567872;;,
			14;3;-2.027462,4.370431,-0.737803;;,
			25;3;-2.888943,4.532148,0.025151;;,
			32;3;-2.888943,1.901911,0.311280;;;
		}
		SI_AnimationKey {
			0;
			5;
			1;4;0.151795,0.000002,-0.000000,-0.988412;;,
			5;4;0.151755,-0.000082,0.064802,-0.986292;;,
			14;4;0.145649,-0.000400,0.310135,-0.939469;;,
			25;4;0.144810,0.015624,0.204909,-0.967884;;,
			32;4;0.144715,-0.016478,0.411962,-0.899485;;;
		}
	}
	Animation anim-rleg_low {
		{frm-rleg_low}
		SI_AnimationKey {
			2;
			4;
			1;3;-0.000000,1.809688,0.000000;;,
			14;3;0.000000,1.809689,0.000000;;,
			25;3;0.000000,1.809688,-0.000000;;,
			32;3;-0.000000,1.809689,-0.000000;;;
		}
		SI_AnimationKey {
			0;
			4;
			1;4;0.306145,0.162719,-0.937702,-0.022664;;,
			14;4;0.335832,0.255336,-0.863930,0.275038;;,
			25;4;0.324822,0.281131,-0.791677,0.434400;;,
			32;4;0.324822,0.281131,-0.791677,0.434400;;;
		}
	}
	Animation anim-rfoot {
		{frm-rfoot}
		SI_AnimationKey {
			2;
			4;
			1;3;-0.000000,3.203576,-0.000000;;,
			14;3;-0.458016,3.290717,-0.462282;;,
			25;3;-0.653792,3.526702,-0.748164;;,
			32;3;-0.332567,3.484770,-0.175207;;;
		}
		SI_AnimationKey {
			0;
			4;
			1;4;0.687943,0.657826,-0.214026,-0.219530;;,
			14;4;0.386366,0.869897,-0.114550,-0.284392;;,
			25;4;0.089117,0.945830,-0.145839,-0.276034;;,
			32;4;0.579779,0.689193,-0.288028,-0.325438;;;
		}
	}
	Animation anim-rtoes {
		{frm-rtoes}
		SI_AnimationKey {
			2;
			4;
			1;3;-0.000000,0.992858,-0.000000;;,
			14;3;0.000000,0.992858,0.000000;;,
			25;3;-0.000000,0.992858,0.000000;;,
			32;3;0.000000,0.992858,0.000001;;;
		}
		SI_AnimationKey {
			0;
			4;
			1;4;0.998864,0.047647,-0.000000,-0.000000;;,
			14;4;0.978169,-0.207810,-0.000000,-0.000000;;,
			25;4;0.853914,-0.519491,0.024638,-0.018795;;,
			32;4;0.853914,-0.519491,0.024638,-0.018795;;;
		}
	}
	Animation anim-rhorn {
		{frm-rhorn}
		SI_AnimationKey {
			2;
			4;
			1;3;-1.344062,7.543023,-0.624771;;,
			14;3;-0.799205,7.066615,-1.638330;;,
			25;3;-1.270975,6.959432,0.349714;;,
			32;3;-1.270975,4.334976,-0.022283;;;
		}
		SI_AnimationKey {
			0;
			4;
			1;4;0.717605,-0.696047,-0.000000,-0.023700;;,
			14;4;0.940289,-0.281227,0.143393,-0.127303;;,
			25;4;0.868124,-0.457813,0.165311,-0.097160;;,
			32;4;0.785276,-0.567816,0.138990,-0.203982;;;
		}
	}
	Animation anim-lleg {
		{frm-lleg}
		SI_AnimationKey {
			2;
			5;
			1;3;2.174522,5.064499,-0.523440;;,
			8;3;2.492568,5.294666,-0.541113;;,
			14;3;2.164755,4.612647,-0.376799;;,
			25;3;2.063095,3.974914,1.183765;;,
			32;3;2.063094,1.361049,1.477627;;;
		}
		SI_AnimationKey {
			0;
			5;
			1;4;0.151795,-0.000001,0.000000,0.988412;;,
			8;4;0.195063,-0.017445,0.180372,0.963905;;,
			14;4;0.120784,0.017921,0.398999,0.908785;;,
			25;4;0.263841,0.160191,0.584676,0.750254;;,
			32;4;0.262706,0.162044,0.589944,0.746118;;;
		}
	}
	Animation anim-lleg_low {
		{frm-lleg_low}
		SI_AnimationKey {
			2;
			4;
			1;3;-0.000000,1.809688,0.000000;;,
			14;3;0.000000,1.809689,-0.000000;;,
			25;3;0.000000,1.809688,-0.000000;;,
			32;3;0.000000,1.809689,0.000000;;;
		}
		SI_AnimationKey {
			0;
			4;
			1;4;0.296091,-0.145569,-0.940925,0.076164;;,
			14;4;0.211215,-0.007576,-0.864819,0.455432;;,
			25;4;0.211215,-0.007576,-0.864819,0.455432;;,
			32;4;0.628189,-0.235711,-0.739802,0.050128;;;
		}
	}
	Animation anim-lfoot {
		{frm-lfoot}
		SI_AnimationKey {
			2;
			4;
			1;3;0.000000,3.203576,-0.000000;;,
			14;3;0.000000,3.203577,-0.000000;;,
			25;3;0.000000,3.203577,0.000000;;,
			32;3;-0.000000,3.203577,0.000000;;;
		}
		SI_AnimationKey {
			0;
			4;
			1;4;0.684156,0.662857,-0.225830,-0.203842;;,
			14;4;0.684156,0.662857,-0.225830,-0.203842;;,
			25;4;0.684156,0.662857,-0.225830,-0.203842;;,
			32;4;0.786219,0.617487,0.013794,-0.019489;;;
		}
	}
	Animation anim-ltoes {
		{frm-ltoes}
		SI_AnimationKey {
			2;
			4;
			1;3;-0.000000,0.992912,0.000000;;,
			14;3;-0.000000,0.992911,0.000000;;,
			25;3;-0.000000,0.992912,0.000000;;,
			32;3;0.000000,0.992912,0.000000;;;
		}
		SI_AnimationKey {
			0;
			4;
			1;4;0.998864,0.047647,-0.000000,-0.000000;;,
			14;4;0.998864,0.047647,-0.000000,-0.000000;;,
			25;4;0.998864,0.047647,-0.000000,-0.000000;;,
			32;4;0.877841,-0.448837,0.166354,-0.016354;;;
		}
	}
	Animation anim-lhorn {
		{frm-lhorn}
		SI_AnimationKey {
			2;
			4;
			1;3;1.344067,7.543023,-0.624767;;,
			14;3;1.700152,6.696732,-0.720486;;,
			25;3;1.228382,6.268829,1.058458;;,
			32;3;1.282204,4.139896,0.829632;;;
		}
		SI_AnimationKey {
			0;
			4;
			1;4;0.717214,-0.696450,-0.023689,0.000708;;,
			14;4;0.943757,-0.286995,0.133606,-0.095426;;,
			25;4;0.870411,-0.464143,0.149543,-0.067777;;,
			32;4;0.791118,-0.573094,0.119377,-0.177324;;;
		}
	}
	Animation anim-rwsk_a1 {
		{frm-rwsk_a1}
		SI_AnimationKey {
			2;
			4;
			1;3;-0.999776,6.189647,1.828068;;,
			14;3;-1.500903,6.405957,1.014542;;,
			25;3;-1.972673,5.341214,2.553251;;,
			32;3;-1.972673,3.493149,2.578781;;;
		}
		SI_AnimationKey {
			0;
			4;
			1;4;0.773422,0.231578,-0.000000,-0.590076;;,
			14;4;0.778468,0.419286,0.030935,-0.466080;;,
			25;4;0.844873,0.260771,0.120514,-0.451292;;,
			32;4;0.775514,0.457253,0.165892,-0.402465;;;
		}
	}
	Animation anim-rwsk_a2 {
		{frm-rwsk_a2}
		SI_AnimationKey {
			2;
			4;
			1;3;-0.000001,1.653947,-0.000000;;,
			14;3;-0.000000,1.653947,0.000000;;,
			25;3;0.000000,1.653948,0.000000;;,
			32;3;-0.000000,1.653947,0.000000;;;
		}
		SI_AnimationKey {
			0;
			4;
			1;4;0.825224,0.456714,-0.166870,0.287355;;,
			14;4;0.825224,0.456714,-0.166870,0.287355;;,
			25;4;0.825224,0.456714,-0.166870,0.287355;;,
			32;4;0.959490,0.252722,-0.086649,-0.089453;;;
		}
	}
	Animation anim-rwsk_b1 {
		{frm-rwsk_b1}
		SI_AnimationKey {
			2;
			4;
			1;3;-0.591656,5.372601,2.277413;;,
			14;3;-1.433720,5.695909,1.740734;;,
			25;3;-1.905489,4.408653,2.955563;;,
			32;3;-1.905490,2.734765,3.254339;;;
		}
		SI_AnimationKey {
			0;
			4;
			1;4;0.646344,0.095901,-0.000000,-0.756996;;,
			14;4;0.687038,0.298403,0.001622,-0.662519;;,
			25;4;0.731786,0.159859,0.129756,-0.649690;;,
			32;4;0.696914,0.274549,0.024453,-0.662069;;;
		}
	}
	Animation anim-rwsk_b2 {
		{frm-rwsk_b2}
		SI_AnimationKey {
			2;
			4;
			1;3;0.000001,1.646883,-0.000000;;,
			14;3;0.000000,1.646884,-0.000000;;,
			25;3;0.000000,1.646884,-0.000000;;,
			32;3;0.000000,1.646883,-0.000000;;;
		}
		SI_AnimationKey {
			0;
			4;
			1;4;0.886869,0.424669,0.149614,-0.103611;;,
			14;4;0.886869,0.424669,0.149614,-0.103611;;,
			25;4;0.886869,0.424669,0.149614,-0.103611;;,
			32;4;0.911449,0.357316,0.168701,-0.114571;;;
		}
	}
	Animation anim-rwsk_c1 {
		{frm-rwsk_c1}
		SI_AnimationKey {
			2;
			4;
			1;3;-0.688229,4.087585,1.513421;;,
			14;3;-1.580337,4.276349,1.285072;;,
			25;3;-2.052105,3.268307,1.995152;;,
			32;3;-1.877375,1.677421,2.626273;;;
		}
		SI_AnimationKey {
			0;
			4;
			1;4;0.448148,-0.127124,-0.000000,-0.884875;;,
			14;4;0.533730,0.077103,-0.026390,-0.841719;;,
			25;4;0.538563,-0.027603,0.136939,-0.830925;;,
			32;4;0.701300,0.060400,-0.008184,-0.710256;;;
		}
	}
	Animation anim-rwsk_c2 {
		{frm-rwsk_c2}
		SI_AnimationKey {
			2;
			4;
			1;3;0.000000,1.474546,0.000000;;,
			14;3;-0.000000,1.474546,0.000000;;,
			25;3;0.000000,1.474546,0.000000;;,
			32;3;0.000000,1.474546,-0.000000;;;
		}
		SI_AnimationKey {
			0;
			4;
			1;4;0.949521,0.291289,-0.106267,-0.047610;;,
			14;4;0.949521,0.291289,-0.106267,-0.047610;;,
			25;4;0.949521,0.291289,-0.106267,-0.047610;;,
			32;4;0.884686,0.450312,-0.119622,-0.015520;;;
		}
	}
	Animation anim-other {
		{frm-other}
		SI_AnimationKey {
			2;
			4;
			1;3;0.000000,5.765172,-1.056992;;,
			14;3;0.187349,5.071105,-1.192554;;,
			25;3;-0.284420,4.944065,0.004649;;,
			32;3;-0.284421,2.313499,0.284979;;;
		}
		SI_AnimationKey {
			0;
			4;
			1;4;0.707107,-0.707107,0.000000,0.000000;;,
			14;4;0.777789,-0.599944,0.180395,-0.050691;;,
			25;4;0.647037,-0.739074,0.186793,-0.014837;;,
			32;4;0.756651,-0.626392,0.182035,-0.044445;;;
		}
	}
	Animation anim-lwsk_a1 {
		{frm-lwsk_a1}
		SI_AnimationKey {
			2;
			4;
			1;3;0.999773,6.189647,1.828071;;,
			14;3;0.358228,6.130822,1.697275;;,
			25;3;-0.113541,4.827513,3.080445;;,
			32;3;-0.113541,3.171640,3.240940;;;
		}
		SI_AnimationKey {
			0;
			4;
			1;4;0.574845,0.566889,0.517432,0.283646;;,
			14;4;0.378163,0.625662,0.581693,0.356612;;,
			25;4;0.492054,0.540688,0.501719,0.462404;;,
			32;4;0.510151,0.544866,0.633528,0.203739;;;
		}
	}
	Animation anim-lwsk_a2 {
		{frm-lwsk_a2}
		SI_AnimationKey {
			2;
			4;
			1;3;0.000000,1.653947,0.000001;;,
			14;3;-0.000001,1.653947,0.000000;;,
			25;3;0.000000,1.653947,0.000000;;,
			32;3;-0.000000,1.653947,-0.000000;;;
		}
		SI_AnimationKey {
			0;
			4;
			1;4;0.838681,-0.182422,0.073848,-0.507821;;,
			14;4;0.838681,-0.182422,0.073848,-0.507821;;,
			25;4;0.838681,-0.182422,0.073848,-0.507821;;,
			32;4;0.838681,-0.182422,0.073848,-0.507821;;;
		}
	}
	Animation anim-lwsk_b1 {
		{frm-lwsk_b1}
		SI_AnimationKey {
			2;
			4;
			1;3;0.591651,5.372601,2.277415;;,
			14;3;-0.333510,5.533087,2.144767;;,
			25;3;-0.805279,4.104652,3.267550;;,
			32;3;-0.650595,2.655334,3.620647;;;
		}
		SI_AnimationKey {
			0;
			4;
			1;4;0.458435,-0.465613,-0.455629,0.604520;;,
			14;4;0.524171,-0.536519,-0.250241,0.612186;;,
			25;4;0.410480,-0.627785,-0.363942,0.552212;;,
			32;4;0.615439,-0.486805,-0.378399,0.490989;;;
		}
	}
	Animation anim-lwsk_b2 {
		{frm-lwsk_b2}
		SI_AnimationKey {
			2;
			4;
			1;3;0.000000,1.646884,0.000000;;,
			14;3;-0.000000,1.646883,-0.000000;;,
			25;3;-0.000000,1.646884,0.000000;;,
			32;3;0.000000,1.646884,0.000000;;;
		}
		SI_AnimationKey {
			0;
			4;
			1;4;0.830437,-0.194138,-0.345392,0.391650;;,
			14;4;0.830437,-0.194138,-0.345392,0.391650;;,
			25;4;0.830437,-0.194138,-0.345392,0.391650;;,
			32;4;0.697610,-0.224474,-0.263124,0.627469;;;
		}
	}
	Animation anim-lwsk_c1 {
		{frm-lwsk_c1}
		SI_AnimationKey {
			2;
			4;
			1;3;0.688227,4.087585,1.513423;;,
			14;3;-0.300543,4.086950,1.755054;;,
			25;3;-0.772311,2.914684,2.358064;;,
			32;3;-0.790658,1.433396,3.072159;;;
		}
		SI_AnimationKey {
			0;
			4;
			1;4;0.416455,0.208716,0.165536,0.869253;;,
			14;4;0.272693,0.128847,0.319486,0.898313;;,
			25;4;0.292468,0.073661,0.139673,0.943148;;,
			32;4;0.533166,0.033065,0.309545,0.786653;;;
		}
	}
	Animation anim-lwsk_c2 {
		{frm-lwsk_c2}
		SI_AnimationKey {
			2;
			4;
			1;3;0.000000,1.474546,-0.000000;;,
			14;3;-0.000000,1.474546,-0.000000;;,
			25;3;0.000000,1.474547,0.000000;;,
			32;3;-0.000000,1.474546,0.000000;;;
		}
		SI_AnimationKey {
			0;
			4;
			1;4;0.681255,0.090205,0.669907,-0.281033;;,
			14;4;0.681255,0.090205,0.669907,-0.281033;;,
			25;4;0.681255,0.090205,0.669907,-0.281033;;,
			32;4;0.568179,-0.015169,0.646272,-0.509190;;;
		}
	}
}

SI_EnvelopeList {
	24;
	SI_Envelope {
		"frm-body";
		"frm-rwsk_c2";
		9;
		181;100.000000;,
		182;100.000000;,
		183;100.000000;,
		184;100.000000;,
		193;100.000000;,
		194;100.000000;,
		195;100.000000;,
		196;100.000000;,
		199;100.000000;;
	}
	SI_Envelope {
		"frm-body";
		"frm-other";
		51;
		0;100.000000;,
		1;100.000000;,
		2;100.000000;,
		4;100.000000;,
		6;100.000000;,
		7;100.000000;,
		8;100.000000;,
		9;100.000000;,
		11;100.000000;,
		12;100.000000;,
		13;100.000000;,
		38;100.000000;,
		78;100.000000;,
		79;100.000000;,
		83;100.000000;,
		84;100.000000;,
		103;100.000000;,
		104;100.000000;,
		113;100.000000;,
		114;100.000000;,
		115;100.000000;,
		116;100.000000;,
		117;100.000000;,
		118;100.000000;,
		119;100.000000;,
		120;100.000000;,
		121;100.000000;,
		122;100.000000;,
		123;100.000000;,
		125;100.000000;,
		126;100.000000;,
		127;100.000000;,
		129;100.000000;,
		130;100.000000;,
		131;100.000000;,
		132;100.000000;,
		134;100.000000;,
		135;100.000000;,
		136;100.000000;,
		161;100.000000;,
		162;100.000000;,
		202;100.000000;,
		203;100.000000;,
		204;100.000000;,
		205;100.000000;,
		209;100.000000;,
		210;100.000000;,
		211;100.000000;,
		212;100.000000;,
		231;100.000000;,
		232;100.000000;;
	}
	SI_Envelope {
		"frm-body";
		"frm-rhorn";
		9;
		230;100.000000;,
		233;100.000000;,
		234;100.000000;,
		235;100.000000;,
		236;100.000000;,
		237;100.000000;,
		238;100.000000;,
		239;100.000000;,
		240;100.000000;;
	}
	SI_Envelope {
		"frm-body";
		"frm-rwsk_b1";
		4;
		167;100.000000;,
		168;100.000000;,
		169;100.000000;,
		170;100.000000;;
	}
	SI_Envelope {
		"frm-body";
		"frm-rleg";
		15;
		133;100.000000;,
		137;100.000000;,
		138;100.000000;,
		139;100.000000;,
		140;100.000000;,
		141;100.000000;,
		142;100.000000;,
		143;100.000000;,
		144;100.000000;,
		145;100.000000;,
		206;100.000000;,
		207;100.000000;,
		208;100.000000;,
		213;100.000000;,
		214;100.000000;;
	}
	SI_Envelope {
		"frm-body";
		"frm-lwsk_a1";
		4;
		3;100.000000;,
		5;100.000000;,
		47;100.000000;,
		48;100.000000;;
	}
	SI_Envelope {
		"frm-body";
		"frm-rwsk_a2";
		9;
		173;100.000000;,
		174;100.000000;,
		175;100.000000;,
		176;100.000000;,
		185;100.000000;,
		186;100.000000;,
		187;100.000000;,
		188;100.000000;,
		197;100.000000;;
	}
	SI_Envelope {
		"frm-body";
		"frm-lfoot";
		13;
		23;100.000000;,
		24;100.000000;,
		34;100.000000;,
		35;100.000000;,
		36;100.000000;,
		76;100.000000;,
		77;100.000000;,
		90;100.000000;,
		91;100.000000;,
		92;100.000000;,
		93;100.000000;,
		94;100.000000;,
		95;100.000000;;
	}
	SI_Envelope {
		"frm-body";
		"frm-lleg";
		15;
		10;100.000000;,
		14;100.000000;,
		15;100.000000;,
		16;100.000000;,
		17;100.000000;,
		18;100.000000;,
		19;100.000000;,
		20;100.000000;,
		21;100.000000;,
		22;100.000000;,
		80;100.000000;,
		81;100.000000;,
		82;100.000000;,
		85;100.000000;,
		86;100.000000;;
	}
	SI_Envelope {
		"frm-body";
		"frm-rfoot";
		13;
		146;100.000000;,
		147;100.000000;,
		157;100.000000;,
		158;100.000000;,
		159;100.000000;,
		200;100.000000;,
		201;100.000000;,
		218;100.000000;,
		219;100.000000;,
		220;100.000000;,
		221;100.000000;,
		222;100.000000;,
		223;100.000000;;
	}
	SI_Envelope {
		"frm-body";
		"frm-rtoes";
		7;
		160;100.000000;,
		224;100.000000;,
		225;100.000000;,
		226;100.000000;,
		227;100.000000;,
		228;100.000000;,
		229;100.000000;;
	}
	SI_Envelope {
		"frm-body";
		"frm-lwsk_c2";
		9;
		57;100.000000;,
		58;100.000000;,
		59;100.000000;,
		60;100.000000;,
		69;100.000000;,
		70;100.000000;,
		71;100.000000;,
		72;100.000000;,
		75;100.000000;;
	}
	SI_Envelope {
		"frm-body";
		"frm-lwsk_a2";
		9;
		49;100.000000;,
		50;100.000000;,
		51;100.000000;,
		52;100.000000;,
		61;100.000000;,
		62;100.000000;,
		63;100.000000;,
		64;100.000000;,
		73;100.000000;;
	}
	SI_Envelope {
		"frm-body";
		"frm-lwsk_b2";
		9;
		53;100.000000;,
		54;100.000000;,
		55;100.000000;,
		56;100.000000;,
		65;100.000000;,
		66;100.000000;,
		67;100.000000;,
		68;100.000000;,
		74;100.000000;;
	}
	SI_Envelope {
		"frm-body";
		"frm-lwsk_c1";
		4;
		39;100.000000;,
		40;100.000000;,
		41;100.000000;,
		42;100.000000;;
	}
	SI_Envelope {
		"frm-body";
		"frm-rwsk_c1";
		4;
		163;100.000000;,
		164;100.000000;,
		165;100.000000;,
		166;100.000000;;
	}
	SI_Envelope {
		"frm-body";
		"frm-ltoes";
		7;
		37;100.000000;,
		96;100.000000;,
		97;100.000000;,
		98;100.000000;,
		99;100.000000;,
		100;100.000000;,
		101;100.000000;;
	}
	SI_Envelope {
		"frm-body";
		"frm-lleg_low";
		12;
		25;100.000000;,
		26;100.000000;,
		27;100.000000;,
		28;100.000000;,
		29;100.000000;,
		30;100.000000;,
		31;100.000000;,
		32;100.000000;,
		33;100.000000;,
		87;100.000000;,
		88;100.000000;,
		89;100.000000;;
	}
	SI_Envelope {
		"frm-body";
		"frm-rwsk_a1";
		4;
		124;100.000000;,
		128;100.000000;,
		171;100.000000;,
		172;100.000000;;
	}
	SI_Envelope {
		"frm-body";
		"frm-lwsk_b1";
		4;
		43;100.000000;,
		44;100.000000;,
		45;100.000000;,
		46;100.000000;;
	}
	SI_Envelope {
		"frm-body";
		"frm-lhorn";
		9;
		102;100.000000;,
		105;100.000000;,
		106;100.000000;,
		107;100.000000;,
		108;100.000000;,
		109;100.000000;,
		110;100.000000;,
		111;100.000000;,
		112;100.000000;;
	}
	SI_Envelope {
		"frm-body";
		"frm-rleg_low";
		12;
		148;100.000000;,
		149;100.000000;,
		150;100.000000;,
		151;100.000000;,
		152;100.000000;,
		153;100.000000;,
		154;100.000000;,
		155;100.000000;,
		156;100.000000;,
		215;100.000000;,
		216;100.000000;,
		217;100.000000;;
	}
	SI_Envelope {
		"frm-body";
		"frm-rwsk_b2";
		9;
		177;100.000000;,
		178;100.000000;,
		179;100.000000;,
		180;100.000000;,
		189;100.000000;,
		190;100.000000;,
		191;100.000000;,
		192;100.000000;,
		198;100.000000;;
	}
	SI_Envelope {
		"frm-cockpit";
		"frm-other";
		6;
		0;100.000000;,
		1;100.000000;,
		2;100.000000;,
		3;100.000000;,
		4;100.000000;,
		5;100.000000;;
	}
}
