xsi 0101txt 0032

SI_CoordinateSystem coord {
	1;
	0;
	1;
	0;
	2;
	5;
}

Frame frm-hp_bones {
	FrameTransformMatrix {
		1.000000,0.000002,0.000000,0.000000,
		-0.000002,1.000000,-0.000001,0.000000,
		-0.000000,0.000001,1.000000,0.000000,
		0.000000,0.000000,0.000000,1.000000;;
	}
		Frame frm-body {
			FrameTransformMatrix {
				1.000000,-0.000000,-0.000000,0.000000,
				0.000000,1.000000,0.000000,0.000000,
				0.000000,-0.000000,1.000000,0.000000,
				0.000000,-0.000000,-0.000000,1.000000;;
			}
				Frame frm-bomb {
					FrameTransformMatrix {
						1.000000,-0.000000,-0.000000,0.000000,
						0.000000,1.000000,0.000000,0.000000,
						0.000000,0.000000,1.000000,0.000000,
						-0.049129,3.693236,0.039702,1.000000;;
					}
				}
				Frame frm-cockpit {
					FrameTransformMatrix {
						1.000000,0.000000,0.000000,0.000000,
						-0.000000,1.000000,0.000000,0.000000,
						-0.000000,0.000000,1.000000,0.000000,
						-0.000004,2.493305,1.084226,1.000000;;
					}
				}
		}
		Frame frm-r_b1 {
			FrameTransformMatrix {
				-0.058195,0.998305,0.001142,0.000000,
				-0.998305,-0.058195,0.000000,0.000000,
				0.000067,-0.001140,0.999999,0.000000,
				-1.566960,1.605283,-0.000002,1.000000;;
			}
			SI_FrameBasePoseMatrix {
				-0.281273,0.959627,0.001127,0.000000,
				-0.959628,-0.281273,-0.000127,0.000000,
				0.000195,-0.001117,0.999999,0.000000,
				-1.566960,1.605283,-0.000002,1.000000;;
			}
				Frame frm-r_b2 {
					FrameTransformMatrix {
						0.993992,-0.109445,-0.001135,0.000000,
						0.109445,0.993993,-0.000125,0.000000,
						0.001142,0.000000,0.999999,0.000000,
						0.000000,1.593548,0.000000,1.000000;;
					}
					SI_FrameBasePoseMatrix {
						0.780248,0.625470,-0.000891,0.000000,
						-0.625470,0.780248,0.000714,0.000000,
						0.001142,0.000000,0.999999,0.000000,
						-0.000000,1.593547,-0.000000,1.000000;;
					}
				}
		}
		Frame frm-r_c1 {
			FrameTransformMatrix {
				-0.060759,0.998150,0.002423,0.000000,
				-0.949983,-0.058572,0.306759,0.000000,
				0.306333,0.016336,0.951784,0.000000,
				-1.296544,1.605284,1.127300,1.000000;;
			}
			SI_FrameBasePoseMatrix {
				-0.283737,0.953125,0.105103,0.000000,
				-0.912498,-0.302064,0.275870,0.000000,
				0.294687,-0.017632,0.955431,0.000000,
				-1.296544,1.605284,1.127300,1.000000;;
			}
				Frame frm-r_c2 {
					FrameTransformMatrix {
						0.992986,-0.106889,-0.050530,0.000000,
						0.109084,0.993107,0.042877,0.000000,
						0.045599,-0.048088,0.997802,0.000000,
						0.000000,1.583289,-0.000000,1.000000;;
					}
					SI_FrameBasePoseMatrix {
						0.763068,0.585747,-0.273180,0.000000,
						-0.581695,0.806636,0.104735,0.000000,
						0.281705,0.078988,0.956244,0.000000,
						0.000000,1.583289,0.000000,1.000000;;
					}
				}
		}
		Frame frm-r_a1 {
			FrameTransformMatrix {
				-0.060913,0.998141,-0.001943,0.000000,
				-0.949983,-0.058571,-0.306759,0.000000,
				-0.306303,-0.016840,0.951785,0.000000,
				-1.269372,1.605283,-1.117277,1.000000;;
			}
			SI_FrameBasePoseMatrix {
				-0.283885,0.953094,-0.104984,0.000000,
				-0.912421,-0.302172,-0.276008,0.000000,
				-0.294784,0.017435,0.955405,0.000000,
				-1.269372,1.605283,-1.117277,1.000000;;
			}
				Frame frm-r_a2 {
					FrameTransformMatrix {
						0.993011,-0.106889,0.050028,0.000000,
						0.109062,0.993107,-0.042932,0.000000,
						-0.045095,0.048088,0.997825,0.000000,
						-0.000000,1.583289,0.000000,1.000000;;
					}
					SI_FrameBasePoseMatrix {
						0.763206,0.585747,0.272795,0.000000,
						-0.581747,0.806636,-0.104441,0.000000,
						-0.281222,-0.078988,0.956387,0.000000,
						0.000000,1.583289,-0.000000,1.000000;;
					}
				}
		}
		Frame frm-r_d1 {
			FrameTransformMatrix {
				-0.083227,0.995722,0.040127,0.000000,
				0.000396,-0.040234,0.999190,0.000000,
				0.996531,0.083175,0.002954,0.000000,
				-0.894174,1.594529,1.538020,1.000000;;
			}
			SI_FrameBasePoseMatrix {
				-0.083228,0.750679,0.655404,0.000000,
				0.000397,-0.657661,0.753314,0.000000,
				0.996531,0.062957,0.054438,0.000000,
				-0.894174,1.594529,1.538020,1.000000;;
			}
				Frame frm-r_d2 {
					FrameTransformMatrix {
						-0.073150,-0.003398,0.997315,0.000000,
						0.087087,0.996153,0.009782,0.000000,
						-0.993512,0.087569,-0.072572,0.000000,
						-0.000000,0.924254,0.000000,1.000000;;
					}
					SI_FrameBasePoseMatrix {
						-0.073334,0.004653,0.997297,0.000000,
						-0.624262,0.779642,-0.049541,0.000000,
						-0.777765,-0.626208,-0.054269,0.000000,
						0.000000,0.924254,-0.000000,1.000000;;
					}
				}
		}
		Frame frm-l_b1 {
			FrameTransformMatrix {
				-0.058195,-0.998305,0.001198,0.000000,
				0.998305,-0.058195,0.000003,0.000000,
				0.000067,0.001196,0.999999,0.000000,
				1.566960,1.605283,0.000003,1.000000;;
			}
			SI_FrameBasePoseMatrix {
				-0.281273,-0.959627,0.001177,0.000000,
				0.959628,-0.281273,0.000138,0.000000,
				0.000198,0.001169,0.999999,0.000000,
				1.566960,1.605283,0.000003,1.000000;;
			}
				Frame frm-l_b2 {
					FrameTransformMatrix {
						0.993992,0.109445,-0.001248,0.000000,
						-0.109445,0.993993,0.000131,0.000000,
						0.001255,0.000006,0.999999,0.000000,
						-0.000000,1.593548,0.000000,1.000000;;
					}
					SI_FrameBasePoseMatrix {
						0.780247,-0.625470,-0.000986,0.000000,
						0.625470,0.780248,-0.000765,0.000000,
						0.001248,-0.000019,0.999999,0.000000,
						0.000000,1.593547,-0.000000,1.000000;;
					}
				}
		}
		Frame frm-l_c1 {
			FrameTransformMatrix {
				0.060760,-0.928824,-0.365506,0.000000,
				0.949982,-0.058572,0.306762,0.000000,
				-0.306336,-0.365863,0.878807,0.000000,
				1.296541,1.605284,1.127304,1.000000;;
			}
			SI_FrameBasePoseMatrix {
				-0.149688,-0.874257,-0.461809,0.000000,
				0.912417,-0.302078,0.276123,0.000000,
				-0.380905,-0.380030,0.842905,0.000000,
				1.296541,1.605284,1.127304,1.000000;;
			}
				Frame frm-l_c2 {
					FrameTransformMatrix {
						0.826684,0.098669,0.553948,0.000000,
						-0.117191,0.993107,-0.002003,0.000000,
						-0.550327,-0.063262,0.832549,0.000000,
						-0.000000,1.583289,-0.000000,1.000000;;
					}
					SI_FrameBasePoseMatrix {
						0.502700,-0.567794,0.651845,0.000000,
						0.497694,0.806637,0.318808,0.000000,
						-0.706819,0.164155,0.688084,0.000000,
						0.000000,1.583289,0.000000,1.000000;;
					}
				}
		}
		Frame frm-l_a1 {
			FrameTransformMatrix {
				0.060912,-0.928639,0.365950,0.000000,
				0.949984,-0.058571,-0.306756,0.000000,
				0.306300,0.366332,0.878624,0.000000,
				1.269376,1.605283,-1.117273,1.000000;;
			}
			SI_FrameBasePoseMatrix {
				-0.149597,-0.873891,0.462532,0.000000,
				0.912502,-0.302158,-0.275755,0.000000,
				0.380737,0.380809,0.842629,0.000000,
				1.269376,1.605283,-1.117273,1.000000;;
			}
				Frame frm-l_a2 {
					FrameTransformMatrix {
						0.826400,0.098669,-0.554371,0.000000,
						-0.117190,0.993107,0.002063,0.000000,
						0.550753,0.063262,0.832267,0.000000,
						0.000000,1.583290,-0.000000,1.000000;;
					}
					SI_FrameBasePoseMatrix {
						0.502369,-0.567804,-0.652092,0.000000,
						0.497517,0.806635,-0.319087,0.000000,
						0.707179,-0.164127,0.687721,0.000000,
						-0.000000,1.583289,0.000000,1.000000;;
					}
				}
		}
		Frame frm-l_d1 {
			FrameTransformMatrix {
				-0.083227,0.995725,0.040061,0.000000,
				-0.000399,-0.040234,0.999190,0.000000,
				0.996531,0.083143,0.003746,0.000000,
				0.894169,1.594529,1.538022,1.000000;;
			}
			SI_FrameBasePoseMatrix {
				-0.083228,0.750722,0.655354,0.000000,
				-0.000399,-0.657661,0.753314,0.000000,
				0.996531,0.062435,0.055035,0.000000,
				0.894169,1.594529,1.538022,1.000000;;
			}
				Frame frm-l_d2 {
					FrameTransformMatrix {
						-0.072644,0.001576,0.997357,0.000000,
						0.087503,0.996153,0.004799,0.000000,
						-0.993512,0.087620,-0.072502,0.000000,
						-0.000000,0.924254,0.000000,1.000000;;
					}
					SI_FrameBasePoseMatrix {
						-0.076948,0.008373,0.997000,0.000000,
						-0.623832,0.779643,-0.054695,0.000000,
						-0.777761,-0.626169,-0.054769,0.000000,
						-0.000000,0.924254,-0.000000,1.000000;;
					}
				}
		}
		Frame frm-hp_com {
			FrameTransformMatrix {
				1.000000,0.000000,0.000000,0.000000,
				0.000000,1.000000,-0.000001,0.000000,
				0.000000,0.000001,1.000000,0.000000,
				-0.000000,1.438411,0.175334,1.000000;;
			}
			SI_FrameBasePoseMatrix {
				1.000000,0.000000,0.000000,0.000000,
				0.000000,1.000000,-0.000001,0.000000,
				0.000000,0.000001,1.000000,0.000000,
				-0.000000,1.438411,0.175334,1.000000;;
			}
				Frame frm-hp_eyepoint {
					FrameTransformMatrix {
						1.000000,0.000000,0.000000,0.000000,
						0.000000,1.000000,0.000000,0.000000,
						0.000000,-0.000000,1.000000,0.000000,
						-0.000003,1.054892,0.908894,1.000000;;
					}
					SI_FrameBasePoseMatrix {
						1.000000,0.000000,0.000000,0.000000,
						0.000000,1.000000,0.000000,0.000000,
						0.000000,-0.000000,1.000000,0.000000,
						-0.000003,1.054892,0.908894,1.000000;;
					}
				}
				Frame frm-hp_smoke {
					FrameTransformMatrix {
						1.000000,-0.000007,0.000000,0.000000,
						-0.000002,-0.275089,-0.961419,0.000000,
						0.000006,0.961419,-0.275089,0.000000,
						0.000000,-0.393405,-0.755116,1.000000;;
					}
					SI_FrameBasePoseMatrix {
						1.000000,-0.000007,0.000000,0.000000,
						-0.000002,-0.275089,-0.961419,0.000000,
						0.000006,0.961419,-0.275089,0.000000,
						0.000000,-0.393405,-0.755116,1.000000;;
					}
				}
				Frame frm-hp_special_1 {
					FrameTransformMatrix {
						1.000000,0.000000,-0.000020,0.000000,
						0.000000,-0.999818,-0.019054,0.000000,
						-0.000020,0.019054,-0.999719,0.000000,
						-0.000000,0.232527,-2.017919,1.000000;;
					}
					SI_FrameBasePoseMatrix {
						1.000000,0.000000,-0.000020,0.000000,
						0.000000,-0.999818,-0.019054,0.000000,
						-0.000020,0.019054,-0.999719,0.000000,
						-0.000000,0.232527,-2.017919,1.000000;;
					}
				}
				Frame frm-hp_special_2 {
					FrameTransformMatrix {
						1.000000,0.000001,-0.000028,0.000000,
						0.000000,-0.999818,-0.019054,0.000000,
						-0.000028,0.019054,-0.999719,0.000000,
						-0.000000,0.232527,-2.017919,1.000000;;
					}
					SI_FrameBasePoseMatrix {
						1.000000,0.000001,-0.000028,0.000000,
						0.000000,-0.999818,-0.019054,0.000000,
						-0.000028,0.019054,-0.999719,0.000000,
						-0.000000,0.232527,-2.017919,1.000000;;
					}
				}
				Frame frm-hp_special_3 {
					FrameTransformMatrix {
						1.000000,0.000001,-0.000034,0.000000,
						0.000000,-0.999818,-0.019054,0.000000,
						-0.000034,0.019054,-0.999719,0.000000,
						-0.000000,0.232527,-2.017919,1.000000;;
					}
					SI_FrameBasePoseMatrix {
						1.000000,0.000001,-0.000034,0.000000,
						0.000000,-0.999818,-0.019054,0.000000,
						-0.000034,0.019054,-0.999719,0.000000,
						-0.000000,0.232527,-2.017919,1.000000;;
					}
				}
		}
}

AnimationSet {
	Animation anim-r_b1 {
		{frm-r_b1}
		SI_AnimationKey {
			2;
			4;
			1;3;-1.566960,1.605283,-0.000002;;,
			4;3;-1.566961,1.582296,0.152772;;,
			6;3;-1.566961,1.558918,0.308137;;,
			8;3;-1.566961,1.545426,0.397806;;;
		}
		SI_AnimationKey {
			0;
			4;
			1;4;0.599469,-0.000413,0.000389,-0.800398;;,
			4;4;0.579529,0.006472,0.168409,-0.797335;;,
			6;4;0.616574,-0.341018,0.061467,-0.706940;;,
			8;4;0.564333,-0.202216,0.269841,-0.753540;;;
		}
	}
	Animation anim-r_b2 {
		{frm-r_b2}
		SI_AnimationKey {
			2;
			4;
			1;3;-0.000000,1.593547,-0.000000;;,
			4;3;-0.000000,1.593548,0.000000;;,
			6;3;0.000000,1.593548,-0.000000;;,
			8;3;0.000000,1.593547,0.000000;;;
		}
		SI_AnimationKey {
			0;
			4;
			1;4;0.943464,-0.000189,-0.000539,-0.331475;;,
			4;4;0.951819,0.155377,0.079498,-0.252149;;,
			6;4;0.951278,-0.023456,0.285702,0.113557;;,
			8;4;0.929872,0.176125,0.322966,-0.003359;;;
		}
	}
	Animation anim-r_c1 {
		{frm-r_c1}
		SI_AnimationKey {
			2;
			4;
			1;3;-1.296544,1.605284,1.127300;;,
			4;3;-1.296544,1.582297,1.280074;;,
			6;3;-1.296545,1.558919,1.435439;;,
			8;3;-1.296545,1.545427,1.525108;;;
		}
		SI_AnimationKey {
			0;
			4;
			1;4;0.585156,-0.125395,-0.080997,-0.797062;;,
			4;4;0.557821,-0.114062,0.084479,-0.817734;;,
			6;4;0.551969,-0.459211,-0.003404,-0.696021;;,
			8;4;0.508777,-0.315083,0.192084,-0.777800;;;
		}
	}
	Animation anim-r_c2 {
		{frm-r_c2}
		SI_AnimationKey {
			2;
			4;
			1;3;0.000000,1.583289,0.000000;;,
			4;3;-0.000000,1.583289,-0.000000;;,
			6;3;0.000000,1.583289,-0.000000;;,
			8;3;-0.000000,1.583289,0.000000;;;
		}
		SI_AnimationKey {
			0;
			4;
			1;4;0.938875,-0.006856,-0.147753,-0.310862;;,
			4;4;0.943524,0.161176,-0.083539,-0.277140;;,
			6;4;0.980917,0.011680,0.193974,-0.006309;;,
			8;4;0.951639,0.210644,0.174885,-0.139381;;;
		}
	}
	Animation anim-r_a1 {
		{frm-r_a1}
		SI_AnimationKey {
			2;
			4;
			1;3;-1.269372,1.605283,-1.117277;;,
			4;3;-1.269372,1.582295,-0.964504;;,
			6;3;-1.269373,1.558918,-0.809138;;,
			8;3;-1.269373,1.545426,-0.719469;;;
		}
		SI_AnimationKey {
			0;
			4;
			1;4;0.585096,0.125382,0.081098,-0.797098;;,
			4;4;0.573233,0.130852,0.247771,-0.769994;;,
			6;4;0.654237,-0.213196,0.130455,-0.713794;;,
			8;4;0.593151,-0.078926,0.344728,-0.723260;;;
		}
	}
	Animation anim-r_a2 {
		{frm-r_a2}
		SI_AnimationKey {
			2;
			4;
			1;3;0.000000,1.583289,-0.000000;;,
			4;3;0.000000,1.583289,-0.000000;;,
			6;3;-0.000000,1.583289,0.000000;;,
			8;3;-0.000000,1.583289,-0.000000;;;
		}
		SI_AnimationKey {
			0;
			4;
			1;4;0.938913,0.006777,0.147516,-0.310863;;,
			4;4;0.884132,0.171309,0.198811,-0.386571;;,
			6;4;0.897142,0.055722,0.409021,-0.157269;;,
			8;4;0.801150,0.231233,0.412307,-0.367005;;;
		}
	}
	Animation anim-r_d1 {
		{frm-r_d1}
		SI_AnimationKey {
			2;
			4;
			1;3;-0.894174,1.594529,1.538020;;,
			4;3;-0.894174,1.470240,1.636496;;,
			6;3;-0.894174,1.343843,1.736643;;,
			8;3;-0.894174,1.270892,1.794443;;;
		}
		SI_AnimationKey {
			0;
			4;
			1;4;0.279977,-0.616440,-0.304602,-0.669949;;,
			4;4;0.342925,-0.528916,-0.300815,-0.715654;;,
			6;4;0.237409,-0.722550,-0.438309,-0.479004;;,
			8;4;0.353371,-0.577508,-0.384364,-0.627597;;;
		}
	}
	Animation anim-r_d2 {
		{frm-r_d2}
		SI_AnimationKey {
			2;
			4;
			1;3;0.000000,0.924254,-0.000000;;,
			4;3;0.000000,0.924254,0.000000;;,
			6;3;-0.000000,0.924254,0.000000;;,
			8;3;0.000000,0.924254,-0.000000;;;
		}
		SI_AnimationKey {
			0;
			4;
			1;4;0.642658,-0.224328,0.690515,-0.244654;;,
			4;4;0.725641,-0.012749,0.675402,-0.130824;;,
			6;4;0.597738,-0.087018,0.756275,0.251366;;,
			8;4;0.655576,0.179722,0.705862,0.199195;;;
		}
	}
	Animation anim-l_b1 {
		{frm-l_b1}
		SI_AnimationKey {
			2;
			4;
			1;3;1.566960,1.605283,0.000003;;,
			4;3;1.566960,1.582296,0.152776;;,
			6;3;1.566960,1.558918,0.308142;;,
			8;3;1.566960,1.545426,0.397811;;;
		}
		SI_AnimationKey {
			0;
			4;
			1;4;0.599469,0.000430,0.000408,0.800398;;,
			4;4;0.602131,-0.162766,-0.040248,0.780593;;,
			6;4;0.505595,0.030088,-0.338450,0.793045;;,
			8;4;0.564617,-0.201423,-0.269091,0.753808;;;
		}
	}
	Animation anim-l_b2 {
		{frm-l_b2}
		SI_AnimationKey {
			2;
			4;
			1;3;0.000000,1.593547,-0.000000;;,
			4;3;-0.000000,1.593547,0.000000;;,
			6;3;0.000000,1.593548,-0.000000;;,
			8;3;0.000000,1.593548,-0.000000;;;
		}
		SI_AnimationKey {
			0;
			4;
			1;4;0.943464,0.000198,-0.000592,0.331475;;,
			4;4;0.993449,-0.034348,0.083231,0.070370;;,
			6;4;0.908943,0.338795,0.226794,-0.087209;;,
			8;4;0.888551,0.157392,0.292088,-0.316844;;;
		}
	}
	Animation anim-l_c1 {
		{frm-l_c1}
		SI_AnimationKey {
			2;
			4;
			1;3;1.296541,1.605284,1.127304;;,
			4;3;1.296540,1.582297,1.280077;;,
			6;3;1.296540,1.558919,1.435443;;,
			8;3;1.296540,1.545427,1.525112;;;
		}
		SI_AnimationKey {
			0;
			4;
			1;4;0.589733,-0.278157,-0.034297,0.757409;;,
			4;4;0.559299,-0.431033,-0.073800,0.704236;;,
			6;4;0.427183,-0.241060,-0.340792,0.802038;;,
			8;4;0.461656,-0.460468,-0.287297,0.701644;;;
		}
	}
	Animation anim-l_c2 {
		{frm-l_c2}
		SI_AnimationKey {
			2;
			4;
			1;3;0.000000,1.583289,0.000000;;,
			4;3;0.000000,1.583289,0.000000;;,
			6;3;-0.000000,1.583289,-0.000000;;,
			8;3;0.000000,1.583289,0.000000;;;
		}
		SI_AnimationKey {
			0;
			4;
			1;4;0.865653,-0.044664,0.392381,0.307712;;,
			4;4;0.967722,-0.044746,0.184732,0.165488;;,
			6;4;0.920139,0.218607,0.145897,0.290293;;,
			8;4;0.985801,0.161209,-0.035769,0.030471;;;
		}
	}
	Animation anim-l_a1 {
		{frm-l_a1}
		SI_AnimationKey {
			2;
			4;
			1;3;1.269376,1.605283,-1.117273;;,
			4;3;1.269375,1.582295,-0.964500;;,
			6;3;1.269375,1.558918,-0.809134;;,
			8;3;1.269375,1.545426,-0.719465;;;
		}
		SI_AnimationKey {
			0;
			4;
			1;4;0.589677,0.278358,0.034678,0.757361;;,
			4;4;0.624465,0.116543,0.002006,0.772306;;,
			6;4;0.577510,0.287774,-0.315258,0.695903;;,
			8;4;0.648968,0.063577,-0.222333,0.724821;;;
		}
	}
	Animation anim-l_a2 {
		{frm-l_a2}
		SI_AnimationKey {
			2;
			4;
			1;3;-0.000000,1.583289,0.000000;;,
			4;3;-0.000000,1.583289,0.000000;;,
			6;3;0.000000,1.583289,-0.000000;;,
			8;3;-0.000000,1.583289,0.000000;;;
		}
		SI_AnimationKey {
			0;
			4;
			1;4;0.865553,0.044757,-0.392602,0.307700;;,
			4;4;0.843984,0.011494,-0.527061,0.098821;;,
			6;4;0.754529,0.314899,-0.557951,0.142182;;,
			8;4;0.754068,0.191476,-0.611858,-0.142647;;;
		}
	}
	Animation anim-l_d1 {
		{frm-l_d1}
		SI_AnimationKey {
			2;
			4;
			1;3;0.894169,1.594529,1.538022;;,
			4;3;0.894169,1.470240,1.636499;;,
			6;3;0.894169,1.343843,1.736646;;,
			8;3;0.894169,1.270892,1.794446;;;
		}
		SI_AnimationKey {
			0;
			4;
			1;4;0.280244,-0.616319,-0.304357,-0.670060;;,
			4;4;0.343159,-0.528770,-0.300548,-0.715762;;,
			6;4;0.237716,-0.722444,-0.438140,-0.479165;;,
			8;4;0.353621,-0.577355,-0.384134,-0.627738;;;
		}
	}
	Animation anim-l_d2 {
		{frm-l_d2}
		SI_AnimationKey {
			2;
			4;
			1;3;-0.000000,0.924254,-0.000000;;,
			4;3;0.000000,0.924254,0.000000;;,
			6;3;-0.000000,0.924254,-0.000000;;,
			8;3;0.000000,0.924254,0.000000;;;
		}
		SI_AnimationKey {
			0;
			4;
			1;4;0.641858,-0.222586,0.691260,-0.246240;;,
			4;4;0.725250,-0.011081,0.675493,-0.132661;;,
			6;4;0.598210,-0.085014,0.756588,0.249985;;,
			8;4;0.656223,0.181501,0.705261,0.197575;;;
		}
	}
	Animation anim-hp_com {
		{frm-hp_com}
		SI_AnimationKey {
			2;
			4;
			1;3;-0.000000,1.438411,0.175334;;,
			4;3;-0.000000,1.415424,0.328107;;,
			6;3;-0.000001,1.392046,0.483473;;,
			8;3;-0.000001,1.378554,0.573142;;;
		}
		SI_AnimationKey {
			0;
			4;
			1;4;1.000000,0.000000,0.000000,0.000000;;,
			4;4;0.990409,-0.056906,0.125873,0.002914;;,
			6;4;0.971790,-0.104442,-0.206108,0.047279;;,
			8;4;0.987763,-0.146089,0.049359,0.023355;;;
		}
	}
}

SI_EnvelopeList {
	19;
	SI_Envelope {
		"frm-body";
		"frm-hp_com";
		60;
		0;100.000000;,
		1;100.000000;,
		2;100.000000;,
		3;100.000000;,
		5;100.000000;,
		6;50.000000;,
		7;100.000000;,
		38;100.000000;,
		39;100.000000;,
		40;100.000000;,
		41;100.000000;,
		42;100.000000;,
		43;100.000000;,
		44;100.000000;,
		45;100.000000;,
		46;100.000000;,
		47;100.000000;,
		48;100.000000;,
		54;100.000000;,
		55;100.000000;,
		56;100.000000;,
		57;100.000000;,
		58;100.000000;,
		59;100.000000;,
		60;100.000000;,
		61;100.000000;,
		62;100.000000;,
		63;100.000000;,
		64;100.000000;,
		65;100.000000;,
		66;100.000000;,
		68;100.000000;,
		69;100.000000;,
		70;100.000000;,
		71;50.000000;,
		72;100.000000;,
		73;100.000000;,
		74;100.000000;,
		105;100.000000;,
		106;100.000000;,
		107;100.000000;,
		108;100.000000;,
		109;100.000000;,
		110;100.000000;,
		111;100.000000;,
		112;100.000000;,
		113;100.000000;,
		114;100.000000;,
		115;100.000000;,
		116;100.000000;,
		117;100.000000;,
		118;100.000000;,
		119;100.000000;,
		125;100.000000;,
		126;100.000000;,
		127;100.000000;,
		128;100.000000;,
		129;100.000000;,
		130;100.000000;,
		131;100.000000;;
	}
	SI_Envelope {
		"frm-body";
		"frm-l_c1";
		10;
		83;100.000000;,
		84;100.000000;,
		85;100.000000;,
		90;100.000000;,
		91;100.000000;,
		92;100.000000;,
		99;51.898235;,
		100;54.597235;,
		101;51.931745;,
		120;40.075251;;
	}
	SI_Envelope {
		"frm-body";
		"frm-r_a1";
		9;
		8;100.000000;,
		9;100.000000;,
		10;100.000000;,
		11;100.000000;,
		15;100.000000;,
		19;100.000000;,
		26;51.897991;,
		27;54.597062;,
		28;51.931965;;
	}
	SI_Envelope {
		"frm-body";
		"frm-l_b2";
		4;
		96;46.444935;,
		97;46.444023;,
		98;45.245323;,
		103;100.000000;;
	}
	SI_Envelope {
		"frm-body";
		"frm-l_a1";
		9;
		75;100.000000;,
		76;100.000000;,
		77;100.000000;,
		78;100.000000;,
		82;100.000000;,
		86;100.000000;,
		93;51.897740;,
		94;54.597139;,
		95;51.932210;;
	}
	SI_Envelope {
		"frm-body";
		"frm-l_c2";
		4;
		99;48.101765;,
		100;45.402771;,
		101;48.068249;,
		104;100.000000;;
	}
	SI_Envelope {
		"frm-body";
		"frm-r_b1";
		9;
		12;100.000000;,
		13;100.000000;,
		14;100.000000;,
		20;100.000000;,
		21;100.000000;,
		22;100.000000;,
		29;53.555530;,
		30;53.555512;,
		31;54.754674;;
	}
	SI_Envelope {
		"frm-body";
		"frm-r_d1";
		6;
		4;100.000000;,
		6;50.000000;,
		49;59.927326;,
		50;49.266854;,
		51;100.000000;,
		52;49.376047;;
	}
	SI_Envelope {
		"frm-body";
		"frm-r_d2";
		3;
		50;50.733149;,
		52;50.623953;,
		53;100.000000;;
	}
	SI_Envelope {
		"frm-body";
		"frm-r_c2";
		4;
		32;48.102036;,
		33;45.402807;,
		34;48.067984;,
		37;100.000000;;
	}
	SI_Envelope {
		"frm-body";
		"frm-r_b2";
		4;
		29;46.444476;,
		30;46.444482;,
		31;45.245326;,
		36;100.000000;;
	}
	SI_Envelope {
		"frm-body";
		"frm-l_a2";
		4;
		93;48.102254;,
		94;45.402858;,
		95;48.067796;,
		102;100.000000;;
	}
	SI_Envelope {
		"frm-body";
		"frm-l_b1";
		9;
		79;100.000000;,
		80;100.000000;,
		81;100.000000;,
		87;100.000000;,
		88;100.000000;,
		89;100.000000;,
		96;53.555065;,
		97;53.555971;,
		98;54.754680;;
	}
	SI_Envelope {
		"frm-body";
		"frm-r_c1";
		10;
		16;100.000000;,
		17;100.000000;,
		18;100.000000;,
		23;100.000000;,
		24;100.000000;,
		25;100.000000;,
		32;51.897961;,
		33;54.597187;,
		34;51.932019;,
		49;40.072671;;
	}
	SI_Envelope {
		"frm-body";
		"frm-r_a2";
		4;
		26;48.102012;,
		27;45.402938;,
		28;48.068038;,
		35;100.000000;;
	}
	SI_Envelope {
		"frm-body";
		"frm-l_d2";
		3;
		121;49.712163;,
		123;52.988338;,
		124;100.000000;;
	}
	SI_Envelope {
		"frm-body";
		"frm-l_d1";
		6;
		67;100.000000;,
		71;50.000000;,
		120;59.924752;,
		121;50.287837;,
		122;100.000000;,
		123;47.011659;;
	}
	SI_Envelope {
		"frm-bomb";
		"frm-hp_com";
		12;
		0;100.000000;,
		1;100.000000;,
		2;100.000000;,
		3;100.000000;,
		4;100.000000;,
		5;100.000000;,
		6;100.000000;,
		7;100.000000;,
		8;100.000000;,
		9;100.000000;,
		10;100.000000;,
		11;100.000000;;
	}
	SI_Envelope {
		"frm-cockpit";
		"frm-hp_com";
		6;
		0;100.000000;,
		1;100.000000;,
		2;100.000000;,
		3;100.000000;,
		4;100.000000;,
		5;100.000000;;
	}
}
