xsi 0101txt 0032

SI_CoordinateSystem coord {
	1;
	0;
	1;
	0;
	2;
	5;
}

Frame frm-hp_bones {
	FrameTransformMatrix {
		1.000000,0.000002,0.000000,0.000000,
		-0.000002,1.000000,-0.000001,0.000000,
		-0.000000,0.000001,1.000000,0.000000,
		0.000000,0.000000,0.000000,1.000000;;
	}
		Frame frm-body {
			FrameTransformMatrix {
				1.000000,-0.000000,-0.000000,0.000000,
				0.000000,1.000000,0.000000,0.000000,
				0.000000,-0.000000,1.000000,0.000000,
				0.000000,-0.000000,-0.000000,1.000000;;
			}
				Frame frm-bomb {
					FrameTransformMatrix {
						1.000000,-0.000000,-0.000000,0.000000,
						0.000000,1.000000,0.000000,0.000000,
						0.000000,0.000000,1.000000,0.000000,
						-0.049129,3.693236,0.039702,1.000000;;
					}
				}
				Frame frm-cockpit {
					FrameTransformMatrix {
						1.000000,0.000000,0.000000,0.000000,
						-0.000000,1.000000,0.000000,0.000000,
						-0.000000,0.000000,1.000000,0.000000,
						-0.000004,2.493305,1.084226,1.000000;;
					}
				}
		}
		Frame frm-r_b1 {
			FrameTransformMatrix {
				-0.058195,0.998305,0.001142,0.000000,
				-0.998305,-0.058195,0.000000,0.000000,
				0.000067,-0.001140,0.999999,0.000000,
				-1.566960,1.605283,-0.000002,1.000000;;
			}
			SI_FrameBasePoseMatrix {
				-0.231052,0.959627,-0.160409,0.000000,
				-0.786008,-0.281274,-0.550524,0.000000,
				-0.573417,-0.001118,0.819263,0.000000,
				-1.566960,1.605283,-0.000002,1.000000;;
			}
				Frame frm-r_b2 {
					FrameTransformMatrix {
						0.993992,-0.109445,-0.001135,0.000000,
						0.109445,0.993993,-0.000125,0.000000,
						0.001142,0.000000,0.999999,0.000000,
						0.000000,1.593548,0.000000,1.000000;;
					}
					SI_FrameBasePoseMatrix {
						0.780248,0.625470,-0.000891,0.000000,
						-0.625470,0.780248,0.000714,0.000000,
						0.001142,0.000000,0.999999,0.000000,
						0.000000,1.593548,-0.000000,1.000000;;
					}
				}
		}
		Frame frm-r_c1 {
			FrameTransformMatrix {
				-0.060759,0.998150,0.002423,0.000000,
				-0.949983,-0.058572,0.306759,0.000000,
				0.306333,0.016336,0.951784,0.000000,
				-1.296544,1.605284,1.127300,1.000000;;
			}
			SI_FrameBasePoseMatrix {
				0.240402,0.943499,0.228071,0.000000,
				-0.951054,0.275951,-0.139095,0.000000,
				-0.194173,-0.183469,0.963658,0.000000,
				-1.296544,1.605284,1.127300,1.000000;;
			}
				Frame frm-r_c2 {
					FrameTransformMatrix {
						0.992986,-0.106889,-0.050530,0.000000,
						0.109084,0.993107,0.042877,0.000000,
						0.045599,-0.048088,0.997802,0.000000,
						0.000000,1.583289,-0.000000,1.000000;;
					}
					SI_FrameBasePoseMatrix {
						0.291423,0.942483,-0.163703,0.000000,
						-0.914174,0.324787,0.242484,0.000000,
						0.281705,0.078988,0.956244,0.000000,
						-0.000000,1.583289,-0.000000,1.000000;;
					}
				}
		}
		Frame frm-r_a1 {
			FrameTransformMatrix {
				-0.060913,0.998141,-0.001943,0.000000,
				-0.949983,-0.058571,-0.306759,0.000000,
				-0.306303,-0.016840,0.951785,0.000000,
				-1.269372,1.605283,-1.117277,1.000000;;
			}
			SI_FrameBasePoseMatrix {
				-0.051025,0.953094,-0.298344,0.000000,
				-0.217180,-0.302173,-0.928183,0.000000,
				-0.974797,0.017434,0.222411,0.000000,
				-1.269372,1.605283,-1.117277,1.000000;;
			}
				Frame frm-r_a2 {
					FrameTransformMatrix {
						0.993011,-0.106889,0.050028,0.000000,
						0.109062,0.993107,-0.042932,0.000000,
						-0.045095,0.048088,0.997825,0.000000,
						-0.000000,1.583289,0.000000,1.000000;;
					}
					SI_FrameBasePoseMatrix {
						0.763206,0.585747,0.272795,0.000000,
						-0.581747,0.806636,-0.104441,0.000000,
						-0.281222,-0.078988,0.956387,0.000000,
						0.000000,1.583289,0.000000,1.000000;;
					}
				}
		}
		Frame frm-r_d1 {
			FrameTransformMatrix {
				-0.083227,0.995722,0.040127,0.000000,
				0.000396,-0.040234,0.999190,0.000000,
				0.996531,0.083175,0.002954,0.000000,
				-0.894174,1.594529,1.538020,1.000000;;
			}
			SI_FrameBasePoseMatrix {
				-0.052877,0.990845,0.124222,0.000000,
				0.257726,-0.106641,0.960315,0.000000,
				0.964770,0.082794,-0.249728,0.000000,
				-0.894174,1.594529,1.738019,1.000000;;
			}
				Frame frm-r_d2 {
					FrameTransformMatrix {
						-0.073150,-0.003398,0.997315,0.000000,
						0.087087,0.996153,0.009782,0.000000,
						-0.993512,0.087569,-0.072572,0.000000,
						-0.000000,0.924254,0.000000,1.000000;;
					}
					SI_FrameBasePoseMatrix {
						-0.073334,0.004653,0.997297,0.000000,
						-0.624262,0.779642,-0.049541,0.000000,
						-0.777765,-0.626208,-0.054269,0.000000,
						0.000000,0.924254,0.000000,1.000000;;
					}
				}
		}
		Frame frm-l_b1 {
			FrameTransformMatrix {
				-0.058195,-0.998305,0.001198,0.000000,
				0.998305,-0.058195,0.000003,0.000000,
				0.000067,0.001196,0.999999,0.000000,
				1.566960,1.605283,0.000003,1.000000;;
			}
			SI_FrameBasePoseMatrix {
				-0.231080,-0.959627,-0.160367,0.000000,
				0.786002,-0.281273,0.550533,0.000000,
				-0.573414,0.001168,0.819265,0.000000,
				1.566960,1.605283,0.000003,1.000000;;
			}
				Frame frm-l_b2 {
					FrameTransformMatrix {
						0.993992,0.109445,-0.001248,0.000000,
						-0.109445,0.993993,0.000131,0.000000,
						0.001255,0.000006,0.999999,0.000000,
						-0.000000,1.593548,0.000000,1.000000;;
					}
					SI_FrameBasePoseMatrix {
						0.780247,-0.625470,-0.000986,0.000000,
						0.625470,0.780248,-0.000765,0.000000,
						0.001248,-0.000019,0.999999,0.000000,
						-0.000000,1.593547,0.000000,1.000000;;
					}
				}
		}
		Frame frm-l_c1 {
			FrameTransformMatrix {
				0.060760,-0.928824,-0.365506,0.000000,
				0.949982,-0.058572,0.306762,0.000000,
				-0.306336,-0.365863,0.878807,0.000000,
				1.296541,1.605284,1.127304,1.000000;;
			}
			SI_FrameBasePoseMatrix {
				0.142266,-0.874257,-0.464149,0.000000,
				0.589031,-0.302078,0.749528,0.000000,
				-0.795489,-0.380031,0.471989,0.000000,
				1.296541,1.605284,1.127304,1.000000;;
			}
				Frame frm-l_c2 {
					FrameTransformMatrix {
						0.826684,0.098669,0.553948,0.000000,
						-0.117191,0.993107,-0.002003,0.000000,
						-0.550327,-0.063262,0.832549,0.000000,
						-0.000000,1.583289,-0.000000,1.000000;;
					}
					SI_FrameBasePoseMatrix {
						0.502700,-0.567794,0.651845,0.000000,
						0.497694,0.806637,0.318808,0.000000,
						-0.706819,0.164155,0.688084,0.000000,
						0.000000,1.583289,0.000000,1.000000;;
					}
				}
		}
		Frame frm-l_a1 {
			FrameTransformMatrix {
				0.060912,-0.928639,0.365950,0.000000,
				0.949984,-0.058571,-0.306756,0.000000,
				0.306300,0.366332,0.878624,0.000000,
				1.269376,1.605283,-1.117273,1.000000;;
			}
			SI_FrameBasePoseMatrix {
				0.517941,-0.643007,0.564162,0.000000,
				0.753077,0.655562,0.055802,0.000000,
				-0.405724,0.395955,0.823776,0.000000,
				1.269376,1.605283,-1.117273,1.000000;;
			}
				Frame frm-l_a2 {
					FrameTransformMatrix {
						0.826400,0.098669,-0.554371,0.000000,
						-0.117190,0.993107,0.002063,0.000000,
						0.550753,0.063262,0.832267,0.000000,
						0.000000,1.583290,-0.000000,1.000000;;
					}
					SI_FrameBasePoseMatrix {
						0.186306,-0.895051,-0.405185,0.000000,
						0.682047,0.414665,-0.602383,0.000000,
						0.707179,-0.164127,0.687721,0.000000,
						-0.000000,1.583289,0.000000,1.000000;;
					}
				}
		}
		Frame frm-l_d1 {
			FrameTransformMatrix {
				-0.083227,0.995725,0.040061,0.000000,
				-0.000399,-0.040234,0.999190,0.000000,
				0.996531,0.083143,0.003746,0.000000,
				0.894169,1.594529,1.538022,1.000000;;
			}
			SI_FrameBasePoseMatrix {
				-0.083228,0.750722,0.655354,0.000000,
				-0.000399,-0.657661,0.753314,0.000000,
				0.996531,0.062435,0.055035,0.000000,
				0.894169,1.594529,1.538022,1.000000;;
			}
				Frame frm-l_d2 {
					FrameTransformMatrix {
						-0.072644,0.001576,0.997357,0.000000,
						0.087503,0.996153,0.004799,0.000000,
						-0.993512,0.087620,-0.072502,0.000000,
						-0.000000,0.924254,0.000000,1.000000;;
					}
					SI_FrameBasePoseMatrix {
						-0.076948,0.008373,0.997000,0.000000,
						-0.623832,0.779643,-0.054695,0.000000,
						-0.777761,-0.626169,-0.054769,0.000000,
						-0.000000,0.924254,-0.000000,1.000000;;
					}
				}
		}
		Frame frm-hp_com {
			FrameTransformMatrix {
				1.000000,0.000000,0.000000,0.000000,
				0.000000,1.000000,-0.000001,0.000000,
				0.000000,0.000001,1.000000,0.000000,
				-0.000000,1.438411,0.175334,1.000000;;
			}
			SI_FrameBasePoseMatrix {
				1.000000,0.000000,0.000000,0.000000,
				0.000000,1.000000,-0.000001,0.000000,
				0.000000,0.000001,1.000000,0.000000,
				-0.000000,1.438411,0.175334,1.000000;;
			}
				Frame frm-hp_eyepoint {
					FrameTransformMatrix {
						1.000000,0.000000,0.000000,0.000000,
						0.000000,1.000000,0.000000,0.000000,
						0.000000,-0.000000,1.000000,0.000000,
						-0.000003,1.054892,0.908894,1.000000;;
					}
					SI_FrameBasePoseMatrix {
						1.000000,0.000000,0.000000,0.000000,
						0.000000,1.000000,0.000000,0.000000,
						0.000000,-0.000000,1.000000,0.000000,
						-0.000003,1.054892,0.908894,1.000000;;
					}
				}
				Frame frm-hp_smoke {
					FrameTransformMatrix {
						1.000000,-0.000007,0.000000,0.000000,
						-0.000002,-0.275089,-0.961419,0.000000,
						0.000006,0.961419,-0.275089,0.000000,
						0.000000,-0.393405,-0.755116,1.000000;;
					}
					SI_FrameBasePoseMatrix {
						1.000000,-0.000007,0.000000,0.000000,
						-0.000002,-0.275089,-0.961419,0.000000,
						0.000006,0.961419,-0.275089,0.000000,
						0.000000,-0.393405,-0.755116,1.000000;;
					}
				}
				Frame frm-hp_special_1 {
					FrameTransformMatrix {
						1.000000,0.000000,-0.000020,0.000000,
						0.000000,-0.999818,-0.019054,0.000000,
						-0.000020,0.019054,-0.999719,0.000000,
						-0.000000,0.232527,-2.017919,1.000000;;
					}
					SI_FrameBasePoseMatrix {
						1.000000,0.000000,-0.000020,0.000000,
						0.000000,-0.999818,-0.019054,0.000000,
						-0.000020,0.019054,-0.999719,0.000000,
						-0.000000,0.232527,-2.017919,1.000000;;
					}
				}
		}
}

AnimationSet {
	Animation anim-r_b1 {
		{frm-r_b1}
		SI_AnimationKey {
			2;
			5;
			1;3;-1.566960,1.605283,-0.000002;;,
			9;3;-1.566960,1.605283,-0.000002;;,
			17;3;-1.566960,1.605283,-0.000002;;,
			25;3;-1.566960,1.605283,-0.000002;;,
			32;3;-1.566960,1.605283,-0.000002;;;
		}
		SI_AnimationKey {
			0;
			5;
			1;4;0.571607,0.240291,0.180635,-0.763477;;,
			9;4;0.698814,-0.000359,0.000440,-0.715304;;,
			17;4;0.571841,-0.241078,-0.179893,-0.763229;;,
			25;4;0.599128,-0.027933,-0.020223,-0.799910;;,
			32;4;0.571607,0.240291,0.180635,-0.763477;;;
		}
	}
	Animation anim-r_b2 {
		{frm-r_b2}
		SI_AnimationKey {
			2;
			5;
			1;3;0.000000,1.593548,-0.000000;;,
			9;3;0.000000,1.593548,-0.000000;;,
			17;3;0.000000,1.593547,-0.000000;;,
			25;3;-0.000000,1.593548,0.000000;;,
			32;3;0.000000,1.593548,-0.000000;;;
		}
		SI_AnimationKey {
			0;
			5;
			1;4;0.943464,-0.000189,-0.000539,-0.331475;;,
			9;4;0.943464,-0.000189,-0.000539,-0.331475;;,
			17;4;0.943464,-0.000189,-0.000539,-0.331475;;,
			25;4;0.943464,-0.000189,-0.000539,-0.331475;;,
			32;4;0.943464,-0.000189,-0.000539,-0.331475;;;
		}
	}
	Animation anim-r_c1 {
		{frm-r_c1}
		SI_AnimationKey {
			2;
			5;
			1;3;-1.296544,1.605284,1.127300;;,
			9;3;-1.296544,1.605284,1.127300;;,
			17;3;-1.296544,1.605284,1.127300;;,
			25;3;-1.296544,1.605284,1.127300;;,
			32;3;-1.296544,1.605284,1.127300;;;
		}
		SI_AnimationKey {
			0;
			5;
			1;4;0.787403,-0.014089,0.134062,-0.601520;;,
			9;4;0.715358,-0.228434,-0.121129,-0.649160;;,
			17;4;0.533717,-0.359272,-0.253208,-0.722465;;,
			25;4;0.559124,-0.242587,-0.199735,-0.767228;;,
			32;4;0.787403,-0.014089,0.134062,-0.601520;;;
		}
	}
	Animation anim-r_c2 {
		{frm-r_c2}
		SI_AnimationKey {
			2;
			5;
			1;3;-0.000000,1.583289,-0.000000;;,
			9;3;-0.000000,1.583289,0.000000;;,
			17;3;0.000000,1.583289,0.000000;;,
			25;3;0.000000,1.583289,-0.000000;;,
			32;3;-0.000000,1.583289,-0.000000;;;
		}
		SI_AnimationKey {
			0;
			5;
			1;4;0.801944,-0.050969,-0.138853,-0.578799;;,
			9;4;0.938876,-0.006856,-0.147753,-0.310862;;,
			17;4;0.938876,-0.006856,-0.147753,-0.310862;;,
			25;4;0.938875,-0.006856,-0.147753,-0.310862;;,
			32;4;0.801944,-0.050969,-0.138853,-0.578799;;;
		}
	}
	Animation anim-r_a1 {
		{frm-r_a1}
		SI_AnimationKey {
			2;
			5;
			1;3;-1.269372,1.605283,-1.117277;;,
			9;3;-1.269372,1.605283,-1.117277;;,
			17;3;-1.269372,1.605283,-1.117277;;,
			25;3;-1.269372,1.605283,-1.117277;;,
			32;3;-1.269372,1.605283,-1.117277;;;
		}
		SI_AnimationKey {
			0;
			5;
			1;4;0.466158,0.507133,0.362781,-0.627616;;,
			9;4;0.535938,0.282879,0.395210,-0.690333;;,
			17;4;0.903636,0.017835,-0.105850,-0.414633;;,
			25;4;0.679912,0.319795,0.192024,-0.631330;;,
			32;4;0.466158,0.507133,0.362781,-0.627616;;;
		}
	}
	Animation anim-r_a2 {
		{frm-r_a2}
		SI_AnimationKey {
			2;
			5;
			1;3;0.000000,1.583289,0.000000;;,
			9;3;-0.000000,1.583289,-0.000000;;,
			17;3;-0.000000,1.583289,0.000000;;,
			25;3;0.000000,1.583289,-0.000000;;,
			32;3;0.000000,1.583289,0.000000;;;
		}
		SI_AnimationKey {
			0;
			5;
			1;4;0.938913,0.006777,0.147516,-0.310863;;,
			9;4;0.822392,-0.174869,0.002918,-0.541372;;,
			17;4;0.826463,0.044726,0.140735,-0.543279;;,
			25;4;0.938913,0.006777,0.147516,-0.310863;;,
			32;4;0.938913,0.006777,0.147516,-0.310863;;;
		}
	}
	Animation anim-r_d1 {
		{frm-r_d1}
		SI_AnimationKey {
			2;
			5;
			1;3;-0.894174,1.594529,1.738019;;,
			9;3;-0.894174,1.594529,1.664065;;,
			17;3;-0.894174,1.594529,1.538020;;,
			25;3;-0.894174,1.594529,1.338020;;,
			32;3;-0.894174,1.594529,1.738019;;;
		}
		SI_AnimationKey {
			0;
			5;
			1;4;0.384303,-0.570853,-0.546801,-0.476915;;,
			9;4;0.348721,-0.593778,-0.464525,-0.556811;;,
			17;4;0.279977,-0.616440,-0.304602,-0.669949;;,
			25;4;0.263742,-0.654685,-0.324670,-0.629617;;,
			32;4;0.384303,-0.570853,-0.546801,-0.476915;;;
		}
	}
	Animation anim-r_d2 {
		{frm-r_d2}
		SI_AnimationKey {
			2;
			5;
			1;3;0.000000,0.924254,0.000000;;,
			9;3;0.000000,0.924255,0.000000;;,
			17;3;0.000000,0.924254,-0.000000;;,
			25;3;-0.000000,0.924254,-0.000000;;,
			32;3;0.000000,0.924254,0.000000;;;
		}
		SI_AnimationKey {
			0;
			5;
			1;4;0.642659,-0.224329,0.690515,-0.244654;;,
			9;4;0.642658,-0.224329,0.690515,-0.244654;;,
			17;4;0.642658,-0.224328,0.690515,-0.244654;;,
			25;4;0.609344,-0.302240,0.654398,-0.330324;;,
			32;4;0.642659,-0.224329,0.690515,-0.244654;;;
		}
	}
	Animation anim-l_b1 {
		{frm-l_b1}
		SI_AnimationKey {
			2;
			5;
			1;3;1.566960,1.605283,0.000003;;,
			9;3;1.566960,1.605283,0.000003;;,
			17;3;1.566960,1.605283,0.000003;;,
			25;3;1.566960,1.605283,0.000003;;,
			32;3;1.566960,1.605283,0.000003;;;
		}
		SI_AnimationKey {
			0;
			5;
			1;4;0.571601,-0.240275,0.180653,0.763482;;,
			9;4;0.597425,-0.065082,0.049471,0.797747;;,
			17;4;0.571846,0.241094,-0.179875,0.763224;;,
			25;4;0.698412,0.030348,-0.016383,0.714864;;,
			32;4;0.571601,-0.240275,0.180653,0.763482;;;
		}
	}
	Animation anim-l_b2 {
		{frm-l_b2}
		SI_AnimationKey {
			2;
			5;
			1;3;-0.000000,1.593547,0.000000;;,
			9;3;0.000000,1.593548,-0.000000;;,
			17;3;-0.000000,1.593548,0.000000;;,
			25;3;0.000000,1.593548,-0.000000;;,
			32;3;-0.000000,1.593547,0.000000;;;
		}
		SI_AnimationKey {
			0;
			5;
			1;4;0.943464,0.000198,-0.000592,0.331475;;,
			9;4;0.943464,0.000198,-0.000592,0.331475;;,
			17;4;0.943464,0.000198,-0.000592,0.331475;;,
			25;4;0.943464,0.000198,-0.000592,0.331475;;,
			32;4;0.943464,0.000198,-0.000592,0.331475;;;
		}
	}
	Animation anim-l_c1 {
		{frm-l_c1}
		SI_AnimationKey {
			2;
			5;
			1;3;1.296541,1.605284,1.127304;;,
			9;3;1.296541,1.605284,1.127304;;,
			17;3;1.296541,1.605284,1.127304;;,
			25;3;1.296541,1.605284,1.127304;;,
			32;3;1.296541,1.605284,1.127304;;;
		}
		SI_AnimationKey {
			0;
			5;
			1;4;0.572752,-0.493040,0.144626,0.638710;;,
			9;4;0.568810,-0.402009,0.109798,0.709075;;,
			17;4;0.746281,-0.130962,-0.284624,0.587284;;,
			25;4;0.709363,-0.369361,-0.000104,0.600314;;,
			32;4;0.572752,-0.493040,0.144626,0.638710;;;
		}
	}
	Animation anim-l_c2 {
		{frm-l_c2}
		SI_AnimationKey {
			2;
			5;
			1;3;0.000000,1.583289,0.000000;;,
			9;3;0.000000,1.583289,-0.000000;;,
			17;3;-0.000000,1.583289,0.000000;;,
			25;3;0.000000,1.583289,-0.000000;;,
			32;3;0.000000,1.583289,0.000000;;;
		}
		SI_AnimationKey {
			0;
			5;
			1;4;0.865653,-0.044664,0.392381,0.307712;;,
			9;4;0.865653,-0.044664,0.392381,0.307712;;,
			17;4;0.733057,-0.160588,0.360790,0.553777;;,
			25;4;0.865653,-0.044664,0.392381,0.307712;;,
			32;4;0.865653,-0.044664,0.392381,0.307712;;;
		}
	}
	Animation anim-l_a1 {
		{frm-l_a1}
		SI_AnimationKey {
			2;
			5;
			1;3;1.269376,1.605283,-1.117273;;,
			9;3;1.269376,1.605283,-1.117273;;,
			17;3;1.269376,1.605283,-1.117273;;,
			25;3;1.269376,1.605283,-1.117273;;,
			32;3;1.269376,1.605283,-1.117273;;;
		}
		SI_AnimationKey {
			0;
			5;
			1;4;0.865633,0.098238,0.280109,0.403198;;,
			9;4;0.723159,0.406750,-0.025373,0.557631;;,
			17;4;0.528013,0.619746,-0.264807,0.516715;;,
			25;4;0.621655,0.387507,-0.250060,0.633130;;,
			32;4;0.865633,0.098238,0.280109,0.403198;;;
		}
	}
	Animation anim-l_a2 {
		{frm-l_a2}
		SI_AnimationKey {
			2;
			5;
			1;3;-0.000000,1.583289,0.000000;;,
			9;3;-0.000000,1.583290,0.000000;;,
			17;3;-0.000000,1.583289,0.000000;;,
			25;3;0.000000,1.583289,-0.000000;;,
			32;3;-0.000000,1.583289,0.000000;;;
		}
		SI_AnimationKey {
			0;
			5;
			1;4;0.756421,0.144845,-0.367640,0.521237;;,
			9;4;0.865553,0.044757,-0.392602,0.307700;;,
			17;4;0.865553,0.044757,-0.392602,0.307700;;,
			25;4;0.807551,-0.106344,-0.197828,0.545359;;,
			32;4;0.756421,0.144845,-0.367640,0.521237;;;
		}
	}
	Animation anim-l_d1 {
		{frm-l_d1}
		SI_AnimationKey {
			2;
			5;
			1;3;0.894169,1.594529,1.538022;;,
			9;3;0.894169,1.594529,1.338022;;,
			17;3;0.894169,1.594529,1.738022;;,
			25;3;0.894169,1.594529,1.687751;;,
			32;3;0.894169,1.594529,1.538022;;;
		}
		SI_AnimationKey {
			0;
			5;
			1;4;0.280244,-0.616319,-0.304357,-0.670060;;,
			9;4;0.312543,-0.568430,-0.300381,-0.699268;;,
			17;4;0.512920,-0.427749,-0.428477,-0.608565;;,
			25;4;0.415126,-0.518688,-0.378833,-0.644297;;,
			32;4;0.280244,-0.616319,-0.304357,-0.670060;;;
		}
	}
	Animation anim-l_d2 {
		{frm-l_d2}
		SI_AnimationKey {
			2;
			5;
			1;3;-0.000000,0.924254,-0.000000;;,
			9;3;0.000000,0.924254,-0.000000;;,
			17;3;-0.000000,0.924254,-0.000000;;,
			25;3;0.000000,0.924254,0.000000;;,
			32;3;-0.000000,0.924254,-0.000000;;;
		}
		SI_AnimationKey {
			0;
			5;
			1;4;0.641858,-0.222586,0.691260,-0.246240;;,
			9;4;0.613315,-0.290431,0.660800,-0.320684;;,
			17;4;0.641858,-0.222586,0.691260,-0.246240;;,
			25;4;0.641858,-0.222586,0.691260,-0.246240;;,
			32;4;0.641858,-0.222586,0.691260,-0.246240;;;
		}
	}
	Animation anim-hp_com {
		{frm-hp_com}
		SI_AnimationKey {
			2;
			5;
			1;3;-0.000000,1.438411,0.175334;;,
			9;3;-0.000000,1.338411,0.175334;;,
			17;3;-0.000000,1.438411,0.175334;;,
			25;3;-0.000000,1.338411,0.175334;;,
			32;3;-0.000000,1.438411,0.175334;;;
		}
		SI_AnimationKey {
			0;
			5;
			1;4;1.000000,0.000000,0.000000,0.000000;;,
			9;4;1.000000,0.000000,0.000000,0.000000;;,
			17;4;1.000000,0.000000,0.000000,0.000000;;,
			25;4;1.000000,0.000000,0.000000,0.000000;;,
			32;4;1.000000,0.000000,0.000000,0.000000;;;
		}
	}
}

SI_EnvelopeList {
	19;
	SI_Envelope {
		"frm-body";
		"frm-hp_com";
		60;
		0;100.000000;,
		1;100.000000;,
		2;100.000000;,
		3;100.000000;,
		5;100.000000;,
		6;50.000000;,
		7;100.000000;,
		38;100.000000;,
		39;100.000000;,
		40;100.000000;,
		41;100.000000;,
		42;100.000000;,
		43;100.000000;,
		44;100.000000;,
		45;100.000000;,
		46;100.000000;,
		47;100.000000;,
		48;100.000000;,
		54;100.000000;,
		55;100.000000;,
		56;100.000000;,
		57;100.000000;,
		58;100.000000;,
		59;100.000000;,
		60;100.000000;,
		61;100.000000;,
		62;100.000000;,
		63;100.000000;,
		64;100.000000;,
		65;100.000000;,
		66;100.000000;,
		68;100.000000;,
		69;100.000000;,
		70;100.000000;,
		71;50.000000;,
		72;100.000000;,
		73;100.000000;,
		74;100.000000;,
		105;100.000000;,
		106;100.000000;,
		107;100.000000;,
		108;100.000000;,
		109;100.000000;,
		110;100.000000;,
		111;100.000000;,
		112;100.000000;,
		113;100.000000;,
		114;100.000000;,
		115;100.000000;,
		116;100.000000;,
		117;100.000000;,
		118;100.000000;,
		119;100.000000;,
		125;100.000000;,
		126;100.000000;,
		127;100.000000;,
		128;100.000000;,
		129;100.000000;,
		130;100.000000;,
		131;100.000000;;
	}
	SI_Envelope {
		"frm-body";
		"frm-l_c1";
		10;
		83;100.000000;,
		84;100.000000;,
		85;100.000000;,
		90;100.000000;,
		91;100.000000;,
		92;100.000000;,
		99;51.898235;,
		100;54.597235;,
		101;51.931745;,
		120;40.075251;;
	}
	SI_Envelope {
		"frm-body";
		"frm-r_a1";
		9;
		8;100.000000;,
		9;100.000000;,
		10;100.000000;,
		11;100.000000;,
		15;100.000000;,
		19;100.000000;,
		26;51.897991;,
		27;54.597062;,
		28;51.931965;;
	}
	SI_Envelope {
		"frm-body";
		"frm-l_b2";
		4;
		96;46.444935;,
		97;46.444023;,
		98;45.245323;,
		103;100.000000;;
	}
	SI_Envelope {
		"frm-body";
		"frm-l_a1";
		9;
		75;100.000000;,
		76;100.000000;,
		77;100.000000;,
		78;100.000000;,
		82;100.000000;,
		86;100.000000;,
		93;51.897740;,
		94;54.597139;,
		95;51.932210;;
	}
	SI_Envelope {
		"frm-body";
		"frm-l_c2";
		4;
		99;48.101765;,
		100;45.402771;,
		101;48.068249;,
		104;100.000000;;
	}
	SI_Envelope {
		"frm-body";
		"frm-r_b1";
		9;
		12;100.000000;,
		13;100.000000;,
		14;100.000000;,
		20;100.000000;,
		21;100.000000;,
		22;100.000000;,
		29;53.555530;,
		30;53.555512;,
		31;54.754674;;
	}
	SI_Envelope {
		"frm-body";
		"frm-r_d1";
		6;
		4;100.000000;,
		6;50.000000;,
		49;59.927326;,
		50;49.266854;,
		51;100.000000;,
		52;49.376047;;
	}
	SI_Envelope {
		"frm-body";
		"frm-r_d2";
		3;
		50;50.733149;,
		52;50.623953;,
		53;100.000000;;
	}
	SI_Envelope {
		"frm-body";
		"frm-r_c2";
		4;
		32;48.102036;,
		33;45.402807;,
		34;48.067984;,
		37;100.000000;;
	}
	SI_Envelope {
		"frm-body";
		"frm-r_b2";
		4;
		29;46.444476;,
		30;46.444482;,
		31;45.245326;,
		36;100.000000;;
	}
	SI_Envelope {
		"frm-body";
		"frm-l_a2";
		4;
		93;48.102254;,
		94;45.402858;,
		95;48.067796;,
		102;100.000000;;
	}
	SI_Envelope {
		"frm-body";
		"frm-l_b1";
		9;
		79;100.000000;,
		80;100.000000;,
		81;100.000000;,
		87;100.000000;,
		88;100.000000;,
		89;100.000000;,
		96;53.555065;,
		97;53.555971;,
		98;54.754680;;
	}
	SI_Envelope {
		"frm-body";
		"frm-r_c1";
		10;
		16;100.000000;,
		17;100.000000;,
		18;100.000000;,
		23;100.000000;,
		24;100.000000;,
		25;100.000000;,
		32;51.897961;,
		33;54.597187;,
		34;51.932019;,
		49;40.072671;;
	}
	SI_Envelope {
		"frm-body";
		"frm-r_a2";
		4;
		26;48.102012;,
		27;45.402938;,
		28;48.068038;,
		35;100.000000;;
	}
	SI_Envelope {
		"frm-body";
		"frm-l_d2";
		3;
		121;49.712163;,
		123;52.988338;,
		124;100.000000;;
	}
	SI_Envelope {
		"frm-body";
		"frm-l_d1";
		6;
		67;100.000000;,
		71;50.000000;,
		120;59.924752;,
		121;50.287837;,
		122;100.000000;,
		123;47.011659;;
	}
	SI_Envelope {
		"frm-bomb";
		"frm-hp_com";
		12;
		0;100.000000;,
		1;100.000000;,
		2;100.000000;,
		3;100.000000;,
		4;100.000000;,
		5;100.000000;,
		6;100.000000;,
		7;100.000000;,
		8;100.000000;,
		9;100.000000;,
		10;100.000000;,
		11;100.000000;;
	}
	SI_Envelope {
		"frm-cockpit";
		"frm-hp_com";
		6;
		0;100.000000;,
		1;100.000000;,
		2;100.000000;,
		3;100.000000;,
		4;100.000000;,
		5;100.000000;;
	}
}
