xsi 0101txt 0032

SI_CoordinateSystem coord {
	1;
	0;
	1;
	0;
	2;
	5;
}

Frame frm-hp_bones {
	FrameTransformMatrix {
		1.000000,0.000002,0.000000,0.000000,
		-0.000002,1.000000,-0.000001,0.000000,
		-0.000000,0.000001,1.000000,0.000000,
		0.000000,0.000000,0.000000,1.000000;;
	}
		Frame frm-body {
			FrameTransformMatrix {
				1.000000,-0.000000,-0.000000,0.000000,
				0.000000,1.000000,0.000000,0.000000,
				0.000000,-0.000000,1.000000,0.000000,
				0.000000,-0.000000,-0.000000,1.000000;;
			}
				Frame frm-bomb {
					FrameTransformMatrix {
						1.000000,-0.000000,-0.000000,0.000000,
						0.000000,1.000000,0.000000,0.000000,
						0.000000,0.000000,1.000000,0.000000,
						-0.049129,3.693236,0.039702,1.000000;;
					}
				}
				Frame frm-cockpit {
					FrameTransformMatrix {
						1.000000,0.000000,0.000000,0.000000,
						-0.000000,1.000000,0.000000,0.000000,
						-0.000000,0.000000,1.000000,0.000000,
						-0.000004,2.493305,1.084226,1.000000;;
					}
				}
		}
		Frame frm-r_b1 {
			FrameTransformMatrix {
				-0.058195,0.998305,0.001142,0.000000,
				-0.998305,-0.058195,0.000000,0.000000,
				0.000067,-0.001140,0.999999,0.000000,
				-1.566960,1.605283,-0.000002,1.000000;;
			}
			SI_FrameBasePoseMatrix {
				-0.281273,0.959627,0.001127,0.000000,
				-0.959628,-0.281273,-0.000127,0.000000,
				0.000195,-0.001117,0.999999,0.000000,
				-1.566960,1.605283,-0.000002,1.000000;;
			}
				Frame frm-r_b2 {
					FrameTransformMatrix {
						0.993992,-0.109445,-0.001135,0.000000,
						0.109445,0.993993,-0.000125,0.000000,
						0.001142,0.000000,0.999999,0.000000,
						0.000000,1.593548,0.000000,1.000000;;
					}
					SI_FrameBasePoseMatrix {
						0.780248,0.625470,-0.000891,0.000000,
						-0.625470,0.780248,0.000714,0.000000,
						0.001142,0.000000,0.999999,0.000000,
						-0.000000,1.593547,-0.000000,1.000000;;
					}
				}
		}
		Frame frm-r_c1 {
			FrameTransformMatrix {
				-0.060759,0.998150,0.002423,0.000000,
				-0.949983,-0.058572,0.306759,0.000000,
				0.306333,0.016336,0.951784,0.000000,
				-1.296544,1.605284,1.127300,1.000000;;
			}
			SI_FrameBasePoseMatrix {
				-0.283737,0.953125,0.105103,0.000000,
				-0.912498,-0.302064,0.275870,0.000000,
				0.294687,-0.017632,0.955431,0.000000,
				-1.296544,1.605284,1.127300,1.000000;;
			}
				Frame frm-r_c2 {
					FrameTransformMatrix {
						0.992986,-0.106889,-0.050530,0.000000,
						0.109084,0.993107,0.042877,0.000000,
						0.045599,-0.048088,0.997802,0.000000,
						0.000000,1.583289,-0.000000,1.000000;;
					}
					SI_FrameBasePoseMatrix {
						0.763068,0.585747,-0.273180,0.000000,
						-0.581695,0.806636,0.104735,0.000000,
						0.281705,0.078988,0.956244,0.000000,
						0.000000,1.583289,0.000000,1.000000;;
					}
				}
		}
		Frame frm-r_a1 {
			FrameTransformMatrix {
				-0.060913,0.998141,-0.001943,0.000000,
				-0.949983,-0.058571,-0.306759,0.000000,
				-0.306303,-0.016840,0.951785,0.000000,
				-1.269372,1.605283,-1.117277,1.000000;;
			}
			SI_FrameBasePoseMatrix {
				-0.283885,0.953094,-0.104984,0.000000,
				-0.912421,-0.302172,-0.276008,0.000000,
				-0.294784,0.017435,0.955405,0.000000,
				-1.269372,1.605283,-1.117277,1.000000;;
			}
				Frame frm-r_a2 {
					FrameTransformMatrix {
						0.993011,-0.106889,0.050028,0.000000,
						0.109062,0.993107,-0.042932,0.000000,
						-0.045095,0.048088,0.997825,0.000000,
						-0.000000,1.583289,0.000000,1.000000;;
					}
					SI_FrameBasePoseMatrix {
						0.763206,0.585747,0.272795,0.000000,
						-0.581747,0.806636,-0.104441,0.000000,
						-0.281222,-0.078988,0.956387,0.000000,
						0.000000,1.583289,-0.000000,1.000000;;
					}
				}
		}
		Frame frm-r_d1 {
			FrameTransformMatrix {
				-0.083227,0.995722,0.040127,0.000000,
				0.000396,-0.040234,0.999190,0.000000,
				0.996531,0.083175,0.002954,0.000000,
				-0.894174,1.594529,1.538020,1.000000;;
			}
			SI_FrameBasePoseMatrix {
				-0.083228,0.750679,0.655404,0.000000,
				0.000397,-0.657661,0.753314,0.000000,
				0.996531,0.062957,0.054438,0.000000,
				-0.894174,1.594529,1.538020,1.000000;;
			}
				Frame frm-r_d2 {
					FrameTransformMatrix {
						-0.073150,-0.003398,0.997315,0.000000,
						0.087087,0.996153,0.009782,0.000000,
						-0.993512,0.087569,-0.072572,0.000000,
						-0.000000,0.924254,0.000000,1.000000;;
					}
					SI_FrameBasePoseMatrix {
						-0.073334,0.004653,0.997297,0.000000,
						-0.624262,0.779642,-0.049541,0.000000,
						-0.777765,-0.626208,-0.054269,0.000000,
						0.000000,0.924254,-0.000000,1.000000;;
					}
				}
		}
		Frame frm-l_b1 {
			FrameTransformMatrix {
				-0.058195,-0.998305,0.001198,0.000000,
				0.998305,-0.058195,0.000003,0.000000,
				0.000067,0.001196,0.999999,0.000000,
				1.566960,1.605283,0.000003,1.000000;;
			}
			SI_FrameBasePoseMatrix {
				-0.281273,-0.959627,0.001177,0.000000,
				0.959628,-0.281273,0.000138,0.000000,
				0.000198,0.001169,0.999999,0.000000,
				1.566960,1.605283,0.000003,1.000000;;
			}
				Frame frm-l_b2 {
					FrameTransformMatrix {
						0.993992,0.109445,-0.001248,0.000000,
						-0.109445,0.993993,0.000131,0.000000,
						0.001255,0.000006,0.999999,0.000000,
						-0.000000,1.593548,0.000000,1.000000;;
					}
					SI_FrameBasePoseMatrix {
						0.780247,-0.625470,-0.000986,0.000000,
						0.625470,0.780248,-0.000765,0.000000,
						0.001248,-0.000019,0.999999,0.000000,
						0.000000,1.593547,-0.000000,1.000000;;
					}
				}
		}
		Frame frm-l_c1 {
			FrameTransformMatrix {
				0.060760,-0.928824,-0.365506,0.000000,
				0.949982,-0.058572,0.306762,0.000000,
				-0.306336,-0.365863,0.878807,0.000000,
				1.296541,1.605284,1.127304,1.000000;;
			}
			SI_FrameBasePoseMatrix {
				-0.149688,-0.874257,-0.461809,0.000000,
				0.912417,-0.302078,0.276123,0.000000,
				-0.380905,-0.380030,0.842905,0.000000,
				1.296541,1.605284,1.127304,1.000000;;
			}
				Frame frm-l_c2 {
					FrameTransformMatrix {
						0.826684,0.098669,0.553948,0.000000,
						-0.117191,0.993107,-0.002003,0.000000,
						-0.550327,-0.063262,0.832549,0.000000,
						-0.000000,1.583289,-0.000000,1.000000;;
					}
					SI_FrameBasePoseMatrix {
						0.502700,-0.567794,0.651845,0.000000,
						0.497694,0.806637,0.318808,0.000000,
						-0.706819,0.164155,0.688084,0.000000,
						0.000000,1.583289,0.000000,1.000000;;
					}
				}
		}
		Frame frm-l_a1 {
			FrameTransformMatrix {
				0.060912,-0.928639,0.365950,0.000000,
				0.949984,-0.058571,-0.306756,0.000000,
				0.306300,0.366332,0.878624,0.000000,
				1.269376,1.605283,-1.117273,1.000000;;
			}
			SI_FrameBasePoseMatrix {
				-0.149597,-0.873891,0.462532,0.000000,
				0.912502,-0.302158,-0.275755,0.000000,
				0.380737,0.380809,0.842629,0.000000,
				1.269376,1.605283,-1.117273,1.000000;;
			}
				Frame frm-l_a2 {
					FrameTransformMatrix {
						0.826400,0.098669,-0.554371,0.000000,
						-0.117190,0.993107,0.002063,0.000000,
						0.550753,0.063262,0.832267,0.000000,
						0.000000,1.583290,-0.000000,1.000000;;
					}
					SI_FrameBasePoseMatrix {
						0.502369,-0.567804,-0.652092,0.000000,
						0.497517,0.806635,-0.319087,0.000000,
						0.707179,-0.164127,0.687721,0.000000,
						-0.000000,1.583289,0.000000,1.000000;;
					}
				}
		}
		Frame frm-l_d1 {
			FrameTransformMatrix {
				-0.083227,0.995725,0.040061,0.000000,
				-0.000399,-0.040234,0.999190,0.000000,
				0.996531,0.083143,0.003746,0.000000,
				0.894169,1.594529,1.538022,1.000000;;
			}
			SI_FrameBasePoseMatrix {
				-0.083228,0.750722,0.655354,0.000000,
				-0.000399,-0.657661,0.753314,0.000000,
				0.996531,0.062435,0.055035,0.000000,
				0.894169,1.594529,1.538022,1.000000;;
			}
				Frame frm-l_d2 {
					FrameTransformMatrix {
						-0.072644,0.001576,0.997357,0.000000,
						0.087503,0.996153,0.004799,0.000000,
						-0.993512,0.087620,-0.072502,0.000000,
						-0.000000,0.924254,0.000000,1.000000;;
					}
					SI_FrameBasePoseMatrix {
						-0.076948,0.008373,0.997000,0.000000,
						-0.623832,0.779643,-0.054695,0.000000,
						-0.777761,-0.626169,-0.054769,0.000000,
						-0.000000,0.924254,-0.000000,1.000000;;
					}
				}
		}
		Frame frm-hp_com {
			FrameTransformMatrix {
				1.000000,0.000000,0.000000,0.000000,
				0.000000,1.000000,-0.000001,0.000000,
				0.000000,0.000001,1.000000,0.000000,
				-0.000000,1.438411,0.175334,1.000000;;
			}
			SI_FrameBasePoseMatrix {
				1.000000,0.000000,0.000000,0.000000,
				0.000000,1.000000,-0.000001,0.000000,
				0.000000,0.000001,1.000000,0.000000,
				-0.000000,1.438411,0.175334,1.000000;;
			}
				Frame frm-hp_eyepoint {
					FrameTransformMatrix {
						1.000000,0.000000,0.000000,0.000000,
						0.000000,1.000000,0.000000,0.000000,
						0.000000,-0.000000,1.000000,0.000000,
						-0.000003,1.054892,0.908894,1.000000;;
					}
					SI_FrameBasePoseMatrix {
						1.000000,0.000000,0.000000,0.000000,
						0.000000,1.000000,0.000000,0.000000,
						0.000000,-0.000000,1.000000,0.000000,
						-0.000003,1.054892,0.908894,1.000000;;
					}
				}
				Frame frm-hp_smoke {
					FrameTransformMatrix {
						1.000000,-0.000007,0.000000,0.000000,
						-0.000002,-0.275089,-0.961419,0.000000,
						0.000006,0.961419,-0.275089,0.000000,
						0.000000,-0.393405,-0.755116,1.000000;;
					}
					SI_FrameBasePoseMatrix {
						1.000000,-0.000007,0.000000,0.000000,
						-0.000002,-0.275089,-0.961419,0.000000,
						0.000006,0.961419,-0.275089,0.000000,
						0.000000,-0.393405,-0.755116,1.000000;;
					}
				}
				Frame frm-hp_special_1 {
					FrameTransformMatrix {
						1.000000,0.000000,-0.000020,0.000000,
						0.000000,-0.999818,-0.019054,0.000000,
						-0.000020,0.019054,-0.999719,0.000000,
						-0.000000,0.232527,-2.017919,1.000000;;
					}
					SI_FrameBasePoseMatrix {
						1.000000,0.000000,-0.000020,0.000000,
						0.000000,-0.999818,-0.019054,0.000000,
						-0.000020,0.019054,-0.999719,0.000000,
						-0.000000,0.232527,-2.017919,1.000000;;
					}
				}
		}
}

AnimationSet {
	Animation anim-r_b1 {
		{frm-r_b1}
		SI_AnimationKey {
			2;
			3;
			1;3;-1.566960,1.605283,-0.000002;;,
			16;3;-1.654197,1.726144,-0.000002;;,
			32;3;-1.566960,1.605283,-0.000002;;;
		}
		SI_AnimationKey {
			0;
			3;
			1;4;0.599469,-0.000413,0.000389,-0.800398;;,
			16;4;0.578312,-0.000423,0.000378,-0.815816;;,
			32;4;0.599469,-0.000413,0.000389,-0.800398;;;
		}
	}
	Animation anim-r_b2 {
		{frm-r_b2}
		SI_AnimationKey {
			2;
			3;
			1;3;-0.000000,1.593547,-0.000000;;,
			16;3;-0.000000,1.593548,0.000000;;,
			32;3;-0.000000,1.593547,-0.000000;;;
		}
		SI_AnimationKey {
			0;
			3;
			1;4;0.943464,-0.000189,-0.000539,-0.331475;;,
			16;4;0.943464,-0.000189,-0.000539,-0.331475;;,
			32;4;0.943464,-0.000189,-0.000539,-0.331475;;;
		}
	}
	Animation anim-r_c1 {
		{frm-r_c1}
		SI_AnimationKey {
			2;
			3;
			1;3;-1.296544,1.605284,1.127300;;,
			16;3;-1.383603,1.719346,1.127300;;,
			32;3;-1.296544,1.605284,1.127300;;;
		}
		SI_AnimationKey {
			0;
			3;
			1;4;0.585156,-0.125395,-0.080997,-0.797062;;,
			16;4;0.564091,-0.123232,-0.084252,-0.812107;;,
			32;4;0.585156,-0.125395,-0.080997,-0.797062;;;
		}
	}
	Animation anim-r_c2 {
		{frm-r_c2}
		SI_AnimationKey {
			2;
			3;
			1;3;0.000000,1.583289,0.000000;;,
			16;3;-0.000000,1.583289,0.000000;;,
			32;3;0.000000,1.583289,0.000000;;;
		}
		SI_AnimationKey {
			0;
			3;
			1;4;0.938875,-0.006856,-0.147753,-0.310862;;,
			16;4;0.938875,-0.006856,-0.147753,-0.310862;;,
			32;4;0.938875,-0.006856,-0.147753,-0.310862;;;
		}
	}
	Animation anim-r_a1 {
		{frm-r_a1}
		SI_AnimationKey {
			2;
			3;
			1;3;-1.269372,1.605283,-1.117277;;,
			16;3;-1.356413,1.718655,-1.117278;;,
			32;3;-1.269372,1.605283,-1.117277;;;
		}
		SI_AnimationKey {
			0;
			3;
			1;4;0.585096,0.125382,0.081098,-0.797098;;,
			16;4;0.564030,0.123216,0.084352,-0.812141;;,
			32;4;0.585096,0.125382,0.081098,-0.797098;;;
		}
	}
	Animation anim-r_a2 {
		{frm-r_a2}
		SI_AnimationKey {
			2;
			3;
			1;3;0.000000,1.583289,-0.000000;;,
			16;3;-0.000000,1.583289,-0.000000;;,
			32;3;0.000000,1.583289,-0.000000;;;
		}
		SI_AnimationKey {
			0;
			3;
			1;4;0.938913,0.006777,0.147516,-0.310863;;,
			16;4;0.938913,0.006777,0.147516,-0.310863;;,
			32;4;0.938913,0.006777,0.147516,-0.310863;;;
		}
	}
	Animation anim-r_d1 {
		{frm-r_d1}
		SI_AnimationKey {
			2;
			3;
			1;3;-0.894174,1.594529,1.538020;;,
			16;3;-0.894174,1.649168,1.651292;;,
			32;3;-0.894174,1.594529,1.538020;;;
		}
		SI_AnimationKey {
			0;
			3;
			1;4;0.279977,-0.616440,-0.304602,-0.669949;;,
			16;4;0.258293,-0.625836,-0.281035,-0.680171;;,
			32;4;0.279977,-0.616440,-0.304602,-0.669949;;;
		}
	}
	Animation anim-r_d2 {
		{frm-r_d2}
		SI_AnimationKey {
			2;
			3;
			1;3;0.000000,0.924254,-0.000000;;,
			16;3;0.000000,0.924254,0.000000;;,
			32;3;0.000000,0.924254,-0.000000;;;
		}
		SI_AnimationKey {
			0;
			3;
			1;4;0.642658,-0.224328,0.690515,-0.244654;;,
			16;4;0.642658,-0.224329,0.690515,-0.244654;;,
			32;4;0.642658,-0.224328,0.690515,-0.244654;;;
		}
	}
	Animation anim-l_b1 {
		{frm-l_b1}
		SI_AnimationKey {
			2;
			3;
			1;3;1.566960,1.605283,0.000003;;,
			16;3;1.654197,1.726143,0.000003;;,
			32;3;1.566960,1.605283,0.000003;;;
		}
		SI_AnimationKey {
			0;
			3;
			1;4;0.599469,0.000430,0.000408,0.800398;;,
			16;4;0.578312,0.000440,0.000397,0.815816;;,
			32;4;0.599469,0.000430,0.000408,0.800398;;;
		}
	}
	Animation anim-l_b2 {
		{frm-l_b2}
		SI_AnimationKey {
			2;
			3;
			1;3;0.000000,1.593547,-0.000000;;,
			16;3;0.000000,1.593547,-0.000000;;,
			32;3;0.000000,1.593547,-0.000000;;;
		}
		SI_AnimationKey {
			0;
			3;
			1;4;0.943464,0.000198,-0.000592,0.331475;;,
			16;4;0.943464,0.000198,-0.000592,0.331475;;,
			32;4;0.943464,0.000198,-0.000592,0.331475;;;
		}
	}
	Animation anim-l_c1 {
		{frm-l_c1}
		SI_AnimationKey {
			2;
			3;
			1;3;1.296541,1.605284,1.127304;;,
			16;3;1.383599,1.719346,1.127304;;,
			32;3;1.296541,1.605284,1.127304;;;
		}
		SI_AnimationKey {
			0;
			3;
			1;4;0.589733,-0.278157,-0.034297,0.757409;;,
			16;4;0.569704,-0.278960,-0.027004,0.772586;;,
			32;4;0.589733,-0.278157,-0.034297,0.757409;;;
		}
	}
	Animation anim-l_c2 {
		{frm-l_c2}
		SI_AnimationKey {
			2;
			3;
			1;3;0.000000,1.583289,0.000000;;,
			16;3;0.000000,1.583289,0.000000;;,
			32;3;0.000000,1.583289,0.000000;;;
		}
		SI_AnimationKey {
			0;
			3;
			1;4;0.865653,-0.044664,0.392381,0.307712;;,
			16;4;0.865653,-0.044664,0.392381,0.307712;;,
			32;4;0.865653,-0.044664,0.392381,0.307712;;;
		}
	}
	Animation anim-l_a1 {
		{frm-l_a1}
		SI_AnimationKey {
			2;
			3;
			1;3;1.269376,1.605283,-1.117273;;,
			16;3;1.356416,1.718658,-1.117273;;,
			32;3;1.269376,1.605283,-1.117273;;;
		}
		SI_AnimationKey {
			0;
			3;
			1;4;0.589677,0.278358,0.034678,0.757361;;,
			16;4;0.569649,0.279170,0.027379,0.772538;;,
			32;4;0.589677,0.278358,0.034678,0.757361;;;
		}
	}
	Animation anim-l_a2 {
		{frm-l_a2}
		SI_AnimationKey {
			2;
			3;
			1;3;-0.000000,1.583289,0.000000;;,
			16;3;0.000000,1.583289,0.000000;;,
			32;3;-0.000000,1.583289,0.000000;;;
		}
		SI_AnimationKey {
			0;
			3;
			1;4;0.865553,0.044757,-0.392602,0.307700;;,
			16;4;0.865553,0.044757,-0.392602,0.307700;;,
			32;4;0.865553,0.044757,-0.392602,0.307700;;;
		}
	}
	Animation anim-l_d1 {
		{frm-l_d1}
		SI_AnimationKey {
			2;
			3;
			1;3;0.894169,1.594529,1.538022;;,
			16;3;0.894169,1.649168,1.651295;;,
			32;3;0.894169,1.594529,1.538022;;;
		}
		SI_AnimationKey {
			0;
			3;
			1;4;0.280244,-0.616319,-0.304357,-0.670060;;,
			16;4;0.258564,-0.625724,-0.280786,-0.680274;;,
			32;4;0.280244,-0.616319,-0.304357,-0.670060;;;
		}
	}
	Animation anim-l_d2 {
		{frm-l_d2}
		SI_AnimationKey {
			2;
			3;
			1;3;-0.000000,0.924254,-0.000000;;,
			16;3;-0.000000,0.924254,0.000000;;,
			32;3;-0.000000,0.924254,-0.000000;;;
		}
		SI_AnimationKey {
			0;
			3;
			1;4;0.641858,-0.222586,0.691260,-0.246240;;,
			16;4;0.641858,-0.222586,0.691260,-0.246240;;,
			32;4;0.641858,-0.222586,0.691260,-0.246240;;;
		}
	}
	Animation anim-hp_com {
		{frm-hp_com}
		SI_AnimationKey {
			2;
			3;
			1;3;-0.000000,1.438411,0.175334;;,
			16;3;-0.000000,1.488411,0.175334;;,
			32;3;-0.000000,1.438411,0.175334;;;
		}
		SI_AnimationKey {
			0;
			3;
			1;4;1.000000,0.000000,0.000000,0.000000;;,
			16;4;0.999657,-0.026176,-0.000000,-0.000000;;,
			32;4;1.000000,0.000000,0.000000,0.000000;;;
		}
	}
}

SI_EnvelopeList {
	19;
	SI_Envelope {
		"frm-body";
		"frm-hp_com";
		60;
		0;100.000000;,
		1;100.000000;,
		2;100.000000;,
		3;100.000000;,
		5;100.000000;,
		6;50.000000;,
		7;100.000000;,
		38;100.000000;,
		39;100.000000;,
		40;100.000000;,
		41;100.000000;,
		42;100.000000;,
		43;100.000000;,
		44;100.000000;,
		45;100.000000;,
		46;100.000000;,
		47;100.000000;,
		48;100.000000;,
		54;100.000000;,
		55;100.000000;,
		56;100.000000;,
		57;100.000000;,
		58;100.000000;,
		59;100.000000;,
		60;100.000000;,
		61;100.000000;,
		62;100.000000;,
		63;100.000000;,
		64;100.000000;,
		65;100.000000;,
		66;100.000000;,
		68;100.000000;,
		69;100.000000;,
		70;100.000000;,
		71;50.000000;,
		72;100.000000;,
		73;100.000000;,
		74;100.000000;,
		105;100.000000;,
		106;100.000000;,
		107;100.000000;,
		108;100.000000;,
		109;100.000000;,
		110;100.000000;,
		111;100.000000;,
		112;100.000000;,
		113;100.000000;,
		114;100.000000;,
		115;100.000000;,
		116;100.000000;,
		117;100.000000;,
		118;100.000000;,
		119;100.000000;,
		125;100.000000;,
		126;100.000000;,
		127;100.000000;,
		128;100.000000;,
		129;100.000000;,
		130;100.000000;,
		131;100.000000;;
	}
	SI_Envelope {
		"frm-body";
		"frm-l_c1";
		10;
		83;100.000000;,
		84;100.000000;,
		85;100.000000;,
		90;100.000000;,
		91;100.000000;,
		92;100.000000;,
		99;51.898235;,
		100;54.597235;,
		101;51.931745;,
		120;40.075251;;
	}
	SI_Envelope {
		"frm-body";
		"frm-r_a1";
		9;
		8;100.000000;,
		9;100.000000;,
		10;100.000000;,
		11;100.000000;,
		15;100.000000;,
		19;100.000000;,
		26;51.897991;,
		27;54.597062;,
		28;51.931965;;
	}
	SI_Envelope {
		"frm-body";
		"frm-l_b2";
		4;
		96;46.444935;,
		97;46.444023;,
		98;45.245323;,
		103;100.000000;;
	}
	SI_Envelope {
		"frm-body";
		"frm-l_a1";
		9;
		75;100.000000;,
		76;100.000000;,
		77;100.000000;,
		78;100.000000;,
		82;100.000000;,
		86;100.000000;,
		93;51.897740;,
		94;54.597139;,
		95;51.932210;;
	}
	SI_Envelope {
		"frm-body";
		"frm-l_c2";
		4;
		99;48.101765;,
		100;45.402771;,
		101;48.068249;,
		104;100.000000;;
	}
	SI_Envelope {
		"frm-body";
		"frm-r_b1";
		9;
		12;100.000000;,
		13;100.000000;,
		14;100.000000;,
		20;100.000000;,
		21;100.000000;,
		22;100.000000;,
		29;53.555530;,
		30;53.555512;,
		31;54.754674;;
	}
	SI_Envelope {
		"frm-body";
		"frm-r_d1";
		6;
		4;100.000000;,
		6;50.000000;,
		49;59.927326;,
		50;49.266854;,
		51;100.000000;,
		52;49.376047;;
	}
	SI_Envelope {
		"frm-body";
		"frm-r_d2";
		3;
		50;50.733149;,
		52;50.623953;,
		53;100.000000;;
	}
	SI_Envelope {
		"frm-body";
		"frm-r_c2";
		4;
		32;48.102036;,
		33;45.402807;,
		34;48.067984;,
		37;100.000000;;
	}
	SI_Envelope {
		"frm-body";
		"frm-r_b2";
		4;
		29;46.444476;,
		30;46.444482;,
		31;45.245326;,
		36;100.000000;;
	}
	SI_Envelope {
		"frm-body";
		"frm-l_a2";
		4;
		93;48.102254;,
		94;45.402858;,
		95;48.067796;,
		102;100.000000;;
	}
	SI_Envelope {
		"frm-body";
		"frm-l_b1";
		9;
		79;100.000000;,
		80;100.000000;,
		81;100.000000;,
		87;100.000000;,
		88;100.000000;,
		89;100.000000;,
		96;53.555065;,
		97;53.555971;,
		98;54.754680;;
	}
	SI_Envelope {
		"frm-body";
		"frm-r_c1";
		10;
		16;100.000000;,
		17;100.000000;,
		18;100.000000;,
		23;100.000000;,
		24;100.000000;,
		25;100.000000;,
		32;51.897961;,
		33;54.597187;,
		34;51.932019;,
		49;40.072671;;
	}
	SI_Envelope {
		"frm-body";
		"frm-r_a2";
		4;
		26;48.102012;,
		27;45.402938;,
		28;48.068038;,
		35;100.000000;;
	}
	SI_Envelope {
		"frm-body";
		"frm-l_d2";
		3;
		121;49.712163;,
		123;52.988338;,
		124;100.000000;;
	}
	SI_Envelope {
		"frm-body";
		"frm-l_d1";
		6;
		67;100.000000;,
		71;50.000000;,
		120;59.924752;,
		121;50.287837;,
		122;100.000000;,
		123;47.011659;;
	}
	SI_Envelope {
		"frm-bomb";
		"frm-hp_com";
		12;
		0;100.000000;,
		1;100.000000;,
		2;100.000000;,
		3;100.000000;,
		4;100.000000;,
		5;100.000000;,
		6;100.000000;,
		7;100.000000;,
		8;100.000000;,
		9;100.000000;,
		10;100.000000;,
		11;100.000000;;
	}
	SI_Envelope {
		"frm-cockpit";
		"frm-hp_com";
		6;
		0;100.000000;,
		1;100.000000;,
		2;100.000000;,
		3;100.000000;,
		4;100.000000;,
		5;100.000000;;
	}
}
