xsi 0101txt 0032

SI_CoordinateSystem coord {
	1;
	0;
	1;
	0;
	2;
	5;
}

Frame frm-hp_bones {
	FrameTransformMatrix {
		1.000000,0.000002,0.000000,0.000000,
		-0.000002,1.000000,-0.000001,0.000000,
		-0.000000,0.000001,1.000000,0.000000,
		0.000000,0.000000,0.000000,1.000000;;
	}
		Frame frm-body {
			FrameTransformMatrix {
				1.000000,-0.000000,-0.000000,0.000000,
				0.000000,1.000000,0.000000,0.000000,
				0.000000,-0.000000,1.000000,0.000000,
				0.000000,-0.000000,-0.000000,1.000000;;
			}
				Frame frm-bomb {
					FrameTransformMatrix {
						1.000000,-0.000000,-0.000000,0.000000,
						0.000000,1.000000,0.000000,0.000000,
						0.000000,0.000000,1.000000,0.000000,
						-0.049129,3.693236,0.039702,1.000000;;
					}
				}
				Frame frm-cockpit {
					FrameTransformMatrix {
						1.000000,0.000000,0.000000,0.000000,
						-0.000000,1.000000,0.000000,0.000000,
						-0.000000,0.000000,1.000000,0.000000,
						-0.000004,2.493305,1.084226,1.000000;;
					}
				}
		}
		Frame frm-r_b1 {
			FrameTransformMatrix {
				-0.058195,0.998305,0.001142,0.000000,
				-0.998305,-0.058195,0.000000,0.000000,
				0.000067,-0.001140,0.999999,0.000000,
				-1.566960,1.605283,-0.000002,1.000000;;
			}
			SI_FrameBasePoseMatrix {
				-0.214743,0.959627,0.181662,0.000000,
				-0.735199,-0.281273,0.616740,0.000000,
				0.642937,-0.001118,0.765918,0.000000,
				-1.566960,1.605283,-0.000002,1.000000;;
			}
				Frame frm-r_b2 {
					FrameTransformMatrix {
						0.993992,-0.109445,-0.001135,0.000000,
						0.109445,0.993993,-0.000125,0.000000,
						0.001142,0.000000,0.999999,0.000000,
						0.000000,1.593548,0.000000,1.000000;;
					}
					SI_FrameBasePoseMatrix {
						0.780248,0.625470,-0.000891,0.000000,
						-0.625470,0.780248,0.000714,0.000000,
						0.001142,0.000000,0.999999,0.000000,
						-0.000000,1.593548,-0.000000,1.000000;;
					}
				}
		}
		Frame frm-r_c1 {
			FrameTransformMatrix {
				-0.060759,0.998150,0.002423,0.000000,
				-0.949983,-0.058572,0.306759,0.000000,
				0.306333,0.016336,0.951784,0.000000,
				-1.296544,1.605284,1.127300,1.000000;;
			}
			SI_FrameBasePoseMatrix {
				-0.149796,0.953125,0.262896,0.000000,
				-0.521688,-0.302063,0.797872,0.000000,
				0.839883,-0.017632,0.542482,0.000000,
				-1.296544,1.605284,1.127300,1.000000;;
			}
				Frame frm-r_c2 {
					FrameTransformMatrix {
						0.992986,-0.106889,-0.050530,0.000000,
						0.109084,0.993107,0.042877,0.000000,
						0.045599,-0.048088,0.997802,0.000000,
						0.000000,1.583289,-0.000000,1.000000;;
					}
					SI_FrameBasePoseMatrix {
						0.763068,0.585747,-0.273180,0.000000,
						-0.581695,0.806636,0.104735,0.000000,
						0.281705,0.078988,0.956244,0.000000,
						0.000000,1.583289,0.000000,1.000000;;
					}
				}
		}
		Frame frm-r_a1 {
			FrameTransformMatrix {
				-0.060913,0.998141,-0.001943,0.000000,
				-0.949983,-0.058571,-0.306759,0.000000,
				-0.306303,-0.016840,0.951785,0.000000,
				-1.269372,1.605283,-1.117277,1.000000;;
			}
			SI_FrameBasePoseMatrix {
				-0.284950,0.953094,0.102055,0.000000,
				-0.876369,-0.302172,0.375059,0.000000,
				0.388305,0.017435,0.921366,0.000000,
				-1.269372,1.605283,-1.117277,1.000000;;
			}
				Frame frm-r_a2 {
					FrameTransformMatrix {
						0.993011,-0.106889,0.050028,0.000000,
						0.109062,0.993107,-0.042932,0.000000,
						-0.045095,0.048088,0.997825,0.000000,
						-0.000000,1.583289,0.000000,1.000000;;
					}
					SI_FrameBasePoseMatrix {
						0.763206,0.585747,0.272795,0.000000,
						-0.581747,0.806636,-0.104441,0.000000,
						-0.281222,-0.078988,0.956386,0.000000,
						0.000000,1.583289,0.000000,1.000000;;
					}
				}
		}
		Frame frm-r_d1 {
			FrameTransformMatrix {
				-0.083227,0.995722,0.040127,0.000000,
				0.000396,-0.040234,0.999190,0.000000,
				0.996531,0.083175,0.002954,0.000000,
				-0.894174,1.594529,1.538020,1.000000;;
			}
			SI_FrameBasePoseMatrix {
				-0.043945,0.586170,0.808996,0.000000,
				0.256607,-0.775987,0.576192,0.000000,
				0.965517,0.232914,-0.116314,0.000000,
				-0.894174,1.594529,1.538020,1.000000;;
			}
				Frame frm-r_d2 {
					FrameTransformMatrix {
						-0.073150,-0.003398,0.997315,0.000000,
						0.087087,0.996153,0.009782,0.000000,
						-0.993512,0.087569,-0.072572,0.000000,
						-0.000000,0.924254,0.000000,1.000000;;
					}
					SI_FrameBasePoseMatrix {
						0.118171,0.052983,0.991579,0.000000,
						-0.754609,0.653866,0.054992,0.000000,
						-0.645446,-0.754753,0.117250,0.000000,
						-0.000000,0.924255,0.000000,1.000000;;
					}
				}
		}
		Frame frm-l_b1 {
			FrameTransformMatrix {
				-0.058195,-0.998305,0.001198,0.000000,
				0.998305,-0.058195,0.000003,0.000000,
				0.000067,0.001196,0.999999,0.000000,
				1.566960,1.605283,0.000003,1.000000;;
			}
			SI_FrameBasePoseMatrix {
				-0.214711,-0.959627,0.181701,0.000000,
				0.735206,-0.281274,-0.616731,0.000000,
				0.642939,0.001168,0.765916,0.000000,
				1.566960,1.605283,0.000003,1.000000;;
			}
				Frame frm-l_b2 {
					FrameTransformMatrix {
						0.993992,0.109445,-0.001248,0.000000,
						-0.109445,0.993993,0.000131,0.000000,
						0.001255,0.000006,0.999999,0.000000,
						-0.000000,1.593548,0.000000,1.000000;;
					}
					SI_FrameBasePoseMatrix {
						0.726956,-0.441465,0.525969,0.000000,
						0.662717,0.651641,-0.369012,0.000000,
						-0.179837,0.616824,0.766281,0.000000,
						0.000000,1.593548,-0.000000,1.000000;;
					}
				}
		}
		Frame frm-l_c1 {
			FrameTransformMatrix {
				0.060760,-0.928824,-0.365506,0.000000,
				0.949982,-0.058572,0.306762,0.000000,
				-0.306336,-0.365863,0.878807,0.000000,
				1.296541,1.605284,1.127304,1.000000;;
			}
			SI_FrameBasePoseMatrix {
				-0.411513,-0.874257,-0.257549,0.000000,
				0.876440,-0.302079,-0.374968,0.000000,
				0.250018,-0.380030,0.890543,0.000000,
				1.296541,1.605284,1.127304,1.000000;;
			}
				Frame frm-l_c2 {
					FrameTransformMatrix {
						0.826684,0.098669,0.553948,0.000000,
						-0.117191,0.993107,-0.002003,0.000000,
						-0.550327,-0.063262,0.832549,0.000000,
						-0.000000,1.583289,-0.000000,1.000000;;
					}
					SI_FrameBasePoseMatrix {
						0.225298,-0.154997,0.961882,0.000000,
						0.680013,0.732035,-0.041318,0.000000,
						-0.697727,0.663401,0.270326,0.000000,
						-0.000000,1.583289,0.000000,1.000000;;
					}
				}
		}
		Frame frm-l_a1 {
			FrameTransformMatrix {
				0.060912,-0.928639,0.365950,0.000000,
				0.949984,-0.058571,-0.306756,0.000000,
				0.306300,0.366332,0.878624,0.000000,
				1.269376,1.605283,-1.117273,1.000000;;
			}
			SI_FrameBasePoseMatrix {
				0.182712,-0.873891,0.450479,0.000000,
				0.521765,-0.302158,-0.797786,0.000000,
				0.833294,0.380809,0.400757,0.000000,
				1.269376,1.605283,-1.117273,1.000000;;
			}
				Frame frm-l_a2 {
					FrameTransformMatrix {
						0.826400,0.098669,-0.554371,0.000000,
						-0.117190,0.993107,0.002063,0.000000,
						0.550753,0.063262,0.832267,0.000000,
						0.000000,1.583290,-0.000000,1.000000;;
					}
					SI_FrameBasePoseMatrix {
						0.755926,-0.641830,-0.128960,0.000000,
						0.409212,0.617015,-0.672189,0.000000,
						0.511001,0.455353,0.729062,0.000000,
						0.000000,1.583289,-0.000000,1.000000;;
					}
				}
		}
		Frame frm-l_d1 {
			FrameTransformMatrix {
				-0.083227,0.995725,0.040061,0.000000,
				-0.000399,-0.040234,0.999190,0.000000,
				0.996531,0.083143,0.003746,0.000000,
				0.894169,1.594529,1.538022,1.000000;;
			}
			SI_FrameBasePoseMatrix {
				-0.043961,0.986540,0.157498,0.000000,
				0.255838,-0.141276,0.956341,0.000000,
				0.965720,0.082336,-0.246184,0.000000,
				0.894169,1.594529,1.538022,1.000000;;
			}
				Frame frm-l_d2 {
					FrameTransformMatrix {
						-0.072644,0.001576,0.997357,0.000000,
						0.087503,0.996153,0.004799,0.000000,
						-0.993512,0.087620,-0.072502,0.000000,
						-0.000000,0.924254,0.000000,1.000000;;
					}
					SI_FrameBasePoseMatrix {
						-0.073200,0.003529,0.997311,0.000000,
						-0.100012,0.994927,-0.010862,0.000000,
						-0.992290,-0.100538,-0.072475,0.000000,
						-0.000000,0.924254,-0.000000,1.000000;;
					}
				}
		}
		Frame frm-hp_com {
			FrameTransformMatrix {
				1.000000,0.000000,0.000000,0.000000,
				0.000000,1.000000,-0.000001,0.000000,
				0.000000,0.000001,1.000000,0.000000,
				-0.000000,1.438411,0.175334,1.000000;;
			}
			SI_FrameBasePoseMatrix {
				1.000000,0.000000,0.000000,0.000000,
				0.000000,1.000000,-0.000001,0.000000,
				0.000000,0.000001,1.000000,0.000000,
				-0.000000,1.438411,0.175334,1.000000;;
			}
				Frame frm-hp_eyepoint {
					FrameTransformMatrix {
						1.000000,0.000000,0.000000,0.000000,
						0.000000,1.000000,0.000000,0.000000,
						0.000000,-0.000000,1.000000,0.000000,
						-0.000003,1.054892,0.908894,1.000000;;
					}
					SI_FrameBasePoseMatrix {
						1.000000,0.000000,0.000000,0.000000,
						0.000000,1.000000,0.000000,0.000000,
						0.000000,-0.000000,1.000000,0.000000,
						-0.000003,1.054892,0.908894,1.000000;;
					}
				}
				Frame frm-hp_smoke {
					FrameTransformMatrix {
						1.000000,-0.000007,0.000000,0.000000,
						-0.000002,-0.275089,-0.961419,0.000000,
						0.000006,0.961419,-0.275089,0.000000,
						0.000000,-0.393405,-0.755116,1.000000;;
					}
					SI_FrameBasePoseMatrix {
						1.000000,-0.000007,0.000000,0.000000,
						-0.000002,-0.275089,-0.961419,0.000000,
						0.000006,0.961419,-0.275089,0.000000,
						0.000000,-0.393405,-0.755116,1.000000;;
					}
				}
				Frame frm-hp_special_1 {
					FrameTransformMatrix {
						1.000000,0.000000,-0.000020,0.000000,
						0.000000,-0.999818,-0.019054,0.000000,
						-0.000020,0.019054,-0.999719,0.000000,
						-0.000000,0.232527,-2.017919,1.000000;;
					}
					SI_FrameBasePoseMatrix {
						1.000000,0.000000,-0.000020,0.000000,
						0.000000,-0.999818,-0.019054,0.000000,
						-0.000020,0.019054,-0.999719,0.000000,
						-0.000000,0.232527,-2.017919,1.000000;;
					}
				}
		}
}

AnimationSet {
	Animation anim-r_b1 {
		{frm-r_b1}
		SI_AnimationKey {
			2;
			4;
			1;3;-1.566960,1.605283,-0.000002;;,
			16;3;-1.566960,1.605283,-0.000002;;,
			24;3;-1.566960,1.605283,-0.000002;;,
			32;3;-1.566960,1.605283,-0.000002;;;
		}
		SI_AnimationKey {
			0;
			4;
			1;4;0.563450,-0.274140,-0.204665,-0.751986;;,
			16;4;0.563184,0.273364,0.205396,-0.752269;;,
			24;4;0.802108,-0.000286,0.000491,-0.597179;;,
			32;4;0.563450,-0.274140,-0.204665,-0.751986;;;
		}
	}
	Animation anim-r_b2 {
		{frm-r_b2}
		SI_AnimationKey {
			2;
			3;
			1;3;-0.000000,1.593548,-0.000000;;,
			16;3;-0.000000,1.593548,-0.000000;;,
			32;3;-0.000000,1.593548,-0.000000;;;
		}
		SI_AnimationKey {
			0;
			3;
			1;4;0.943464,-0.000189,-0.000539,-0.331475;;,
			16;4;0.722516,0.521888,-0.375456,-0.254237;;,
			32;4;0.943464,-0.000189,-0.000539,-0.331475;;;
		}
	}
	Animation anim-r_c1 {
		{frm-r_c1}
		SI_AnimationKey {
			2;
			4;
			1;3;-1.296544,1.605284,1.127300;;,
			16;3;-1.296544,1.605284,1.127300;;,
			24;3;-1.296544,1.605284,1.127300;;,
			32;3;-1.296544,1.605284,1.127300;;;
		}
		SI_AnimationKey {
			0;
			4;
			1;4;0.522164,-0.390444,-0.276248,-0.706106;;,
			16;4;0.577569,0.154779,0.124023,-0.791881;;,
			24;4;0.787437,-0.143236,-0.042047,-0.598046;;,
			32;4;0.522164,-0.390444,-0.276248,-0.706106;;;
		}
	}
	Animation anim-r_c2 {
		{frm-r_c2}
		SI_AnimationKey {
			2;
			3;
			1;3;0.000000,1.583289,0.000000;;,
			16;3;0.000000,1.583289,0.000000;;,
			32;3;0.000000,1.583289,0.000000;;;
		}
		SI_AnimationKey {
			0;
			3;
			1;4;0.938875,-0.006856,-0.147753,-0.310862;;,
			16;4;0.691209,0.511273,-0.486009,-0.156922;;,
			32;4;0.938875,-0.006856,-0.147753,-0.310862;;;
		}
	}
	Animation anim-r_a1 {
		{frm-r_a1}
		SI_AnimationKey {
			2;
			4;
			1;3;-1.269372,1.605283,-1.117277;;,
			16;3;-1.269372,1.605283,-1.117277;;,
			24;3;-1.269372,1.605283,-1.117277;;,
			32;3;-1.269372,1.605283,-1.117277;;;
		}
		SI_AnimationKey {
			0;
			4;
			1;4;0.577547,-0.154803,-0.123907,-0.791910;;,
			16;4;0.522073,0.390444,0.276322,-0.706144;;,
			24;4;0.787390,0.143252,0.042148,-0.598097;;,
			32;4;0.577547,-0.154803,-0.123907,-0.791910;;;
		}
	}
	Animation anim-r_a2 {
		{frm-r_a2}
		SI_AnimationKey {
			2;
			3;
			1;3;0.000000,1.583289,0.000000;;,
			16;3;-0.000000,1.583289,-0.000000;;,
			32;3;0.000000,1.583289,0.000000;;;
		}
		SI_AnimationKey {
			0;
			3;
			1;4;0.938913,0.006777,0.147516,-0.310863;;,
			16;4;0.747233,0.521678,-0.259886,-0.319303;;,
			32;4;0.938913,0.006777,0.147516,-0.310863;;;
		}
	}
	Animation anim-r_d1 {
		{frm-r_d1}
		SI_AnimationKey {
			2;
			3;
			1;3;-0.894174,1.594529,1.538020;;,
			16;3;-0.894174,1.594529,1.538020;;,
			32;3;-0.894174,1.594529,1.538020;;;
		}
		SI_AnimationKey {
			0;
			3;
			1;4;0.126247,-0.679771,-0.309949,-0.652613;;,
			16;4;0.502690,-0.434608,-0.420316,-0.617862;;,
			32;4;0.126247,-0.679771,-0.309949,-0.652613;;;
		}
	}
	Animation anim-r_d2 {
		{frm-r_d2}
		SI_AnimationKey {
			2;
			3;
			1;3;-0.000000,0.924255,0.000000;;,
			16;3;-0.000000,0.924254,0.000000;;,
			32;3;-0.000000,0.924255,0.000000;;;
		}
		SI_AnimationKey {
			0;
			3;
			1;4;0.687257,-0.294557,0.595493,-0.293774;;,
			16;4;0.680057,-0.034817,0.731427,-0.036391;;,
			32;4;0.687257,-0.294557,0.595493,-0.293774;;;
		}
	}
	Animation anim-l_b1 {
		{frm-l_b1}
		SI_AnimationKey {
			2;
			4;
			1;3;1.566960,1.605283,0.000003;;,
			8;3;1.566960,1.605283,0.000003;;,
			16;3;1.566960,1.605283,0.000003;;,
			32;3;1.566960,1.605283,0.000003;;;
		}
		SI_AnimationKey {
			0;
			4;
			1;4;0.563456,0.274156,-0.204647,0.751981;;,
			8;4;0.801487,0.037507,-0.013275,0.596687;;,
			16;4;0.563177,-0.273349,0.205414,0.752275;;,
			32;4;0.563456,0.274156,-0.204647,0.751981;;;
		}
	}
	Animation anim-l_b2 {
		{frm-l_b2}
		SI_AnimationKey {
			2;
			3;
			1;3;0.000000,1.593548,-0.000000;;,
			16;3;0.000000,1.593548,-0.000000;;,
			32;3;0.000000,1.593548,-0.000000;;;
		}
		SI_AnimationKey {
			0;
			3;
			1;4;0.886690,0.277954,0.199000,0.311321;;,
			16;4;0.886441,-0.277582,-0.200113,0.311648;;,
			32;4;0.886690,0.277954,0.199000,0.311321;;;
		}
	}
	Animation anim-l_c1 {
		{frm-l_c1}
		SI_AnimationKey {
			2;
			4;
			1;3;1.296541,1.605284,1.127304;;,
			8;3;1.296541,1.605284,1.127304;;,
			16;3;1.296541,1.605284,1.127304;;,
			32;3;1.296541,1.605284,1.127304;;;
		}
		SI_AnimationKey {
			0;
			4;
			1;4;0.542437,-0.002333,-0.233929,0.806867;;,
			8;4;0.781778,-0.221293,-0.125700,0.569255;;,
			16;4;0.565898,-0.520431,0.169472,0.616596;;,
			32;4;0.542437,-0.002333,-0.233929,0.806867;;;
		}
	}
	Animation anim-l_c2 {
		{frm-l_c2}
		SI_AnimationKey {
			2;
			3;
			1;3;-0.000000,1.583289,0.000000;;,
			16;3;-0.000000,1.583289,-0.000000;;,
			32;3;-0.000000,1.583289,0.000000;;;
		}
		SI_AnimationKey {
			0;
			3;
			1;4;0.746267,0.236081,0.555970,0.279729;;,
			16;4;0.880628,-0.320021,0.181466,0.298580;;,
			32;4;0.746267,0.236081,0.555970,0.279729;;;
		}
	}
	Animation anim-l_a1 {
		{frm-l_a1}
		SI_AnimationKey {
			2;
			4;
			1;3;1.269376,1.605283,-1.117273;;,
			8;3;1.269376,1.605283,-1.117273;;,
			16;3;1.269376,1.605283,-1.117273;;,
			32;3;1.269376,1.605283,-1.117273;;;
		}
		SI_AnimationKey {
			0;
			4;
			1;4;0.565975,0.520604,-0.169095,0.616483;;,
			8;4;0.778063,0.292307,0.098318,0.547273;;,
			16;4;0.542255,0.002538,0.234268,0.806890;;,
			32;4;0.565975,0.520604,-0.169095,0.616483;;;
		}
	}
	Animation anim-l_a2 {
		{frm-l_a2}
		SI_AnimationKey {
			2;
			3;
			1;3;0.000000,1.583289,-0.000000;;,
			16;3;-0.000000,1.583289,0.000000;;,
			32;3;0.000000,1.583289,-0.000000;;;
		}
		SI_AnimationKey {
			0;
			3;
			1;4;0.880625,0.320097,-0.181678,0.298379;;,
			16;4;0.746082,-0.235981,-0.556172,0.279907;;,
			32;4;0.880625,0.320097,-0.181678,0.298379;;;
		}
	}
	Animation anim-l_d1 {
		{frm-l_d1}
		SI_AnimationKey {
			2;
			3;
			1;3;0.894169,1.594529,1.538022;;,
			16;3;0.894169,1.594529,1.538022;;,
			32;3;0.894169,1.594529,1.538022;;;
		}
		SI_AnimationKey {
			0;
			3;
			1;4;0.377021,-0.579547,-0.535926,-0.484524;;,
			16;4;0.348982,-0.565509,-0.214803,-0.715731;;,
			32;4;0.377021,-0.579547,-0.535926,-0.484524;;;
		}
	}
	Animation anim-l_d2 {
		{frm-l_d2}
		SI_AnimationKey {
			2;
			3;
			1;3;-0.000000,0.924254,-0.000000;;,
			16;3;-0.000000,0.924254,-0.000000;;,
			32;3;-0.000000,0.924254,-0.000000;;;
		}
		SI_AnimationKey {
			0;
			3;
			1;4;0.679936,-0.032972,0.731540,-0.038070;;,
			16;4;0.582193,-0.215677,0.739298,-0.260716;;,
			32;4;0.679936,-0.032972,0.731540,-0.038070;;;
		}
	}
	Animation anim-hp_com {
		{frm-hp_com}
		SI_AnimationKey {
			2;
			5;
			1;3;-0.000000,1.438411,0.175334;;,
			8;3;-0.000000,1.438411,0.175334;;,
			16;3;-0.000000,1.438411,0.175334;;,
			24;3;-0.000000,1.438411,0.175334;;,
			32;3;-0.000000,1.438411,0.175334;;;
		}
		SI_AnimationKey {
			0;
			5;
			1;4;1.000000,0.000000,0.000000,0.000000;;,
			8;4;0.999048,0.000000,0.043619,-0.000000;;,
			16;4;1.000000,0.000000,0.000000,0.000000;;,
			24;4;0.999048,0.000000,-0.043619,0.000000;;,
			32;4;1.000000,0.000000,0.000000,0.000000;;;
		}
	}
}

SI_EnvelopeList {
	19;
	SI_Envelope {
		"frm-body";
		"frm-hp_com";
		60;
		0;100.000000;,
		1;100.000000;,
		2;100.000000;,
		3;100.000000;,
		5;100.000000;,
		6;50.000000;,
		7;100.000000;,
		38;100.000000;,
		39;100.000000;,
		40;100.000000;,
		41;100.000000;,
		42;100.000000;,
		43;100.000000;,
		44;100.000000;,
		45;100.000000;,
		46;100.000000;,
		47;100.000000;,
		48;100.000000;,
		54;100.000000;,
		55;100.000000;,
		56;100.000000;,
		57;100.000000;,
		58;100.000000;,
		59;100.000000;,
		60;100.000000;,
		61;100.000000;,
		62;100.000000;,
		63;100.000000;,
		64;100.000000;,
		65;100.000000;,
		66;100.000000;,
		68;100.000000;,
		69;100.000000;,
		70;100.000000;,
		71;50.000000;,
		72;100.000000;,
		73;100.000000;,
		74;100.000000;,
		105;100.000000;,
		106;100.000000;,
		107;100.000000;,
		108;100.000000;,
		109;100.000000;,
		110;100.000000;,
		111;100.000000;,
		112;100.000000;,
		113;100.000000;,
		114;100.000000;,
		115;100.000000;,
		116;100.000000;,
		117;100.000000;,
		118;100.000000;,
		119;100.000000;,
		125;100.000000;,
		126;100.000000;,
		127;100.000000;,
		128;100.000000;,
		129;100.000000;,
		130;100.000000;,
		131;100.000000;;
	}
	SI_Envelope {
		"frm-body";
		"frm-l_c1";
		10;
		83;100.000000;,
		84;100.000000;,
		85;100.000000;,
		90;100.000000;,
		91;100.000000;,
		92;100.000000;,
		99;51.898235;,
		100;54.597235;,
		101;51.931745;,
		120;40.075251;;
	}
	SI_Envelope {
		"frm-body";
		"frm-r_a1";
		9;
		8;100.000000;,
		9;100.000000;,
		10;100.000000;,
		11;100.000000;,
		15;100.000000;,
		19;100.000000;,
		26;51.897991;,
		27;54.597062;,
		28;51.931965;;
	}
	SI_Envelope {
		"frm-body";
		"frm-l_b2";
		4;
		96;46.444935;,
		97;46.444023;,
		98;45.245323;,
		103;100.000000;;
	}
	SI_Envelope {
		"frm-body";
		"frm-l_a1";
		9;
		75;100.000000;,
		76;100.000000;,
		77;100.000000;,
		78;100.000000;,
		82;100.000000;,
		86;100.000000;,
		93;51.897740;,
		94;54.597139;,
		95;51.932210;;
	}
	SI_Envelope {
		"frm-body";
		"frm-l_c2";
		4;
		99;48.101765;,
		100;45.402771;,
		101;48.068249;,
		104;100.000000;;
	}
	SI_Envelope {
		"frm-body";
		"frm-r_b1";
		9;
		12;100.000000;,
		13;100.000000;,
		14;100.000000;,
		20;100.000000;,
		21;100.000000;,
		22;100.000000;,
		29;53.555530;,
		30;53.555512;,
		31;54.754674;;
	}
	SI_Envelope {
		"frm-body";
		"frm-r_d1";
		6;
		4;100.000000;,
		6;50.000000;,
		49;59.927326;,
		50;49.266854;,
		51;100.000000;,
		52;49.376047;;
	}
	SI_Envelope {
		"frm-body";
		"frm-r_d2";
		3;
		50;50.733149;,
		52;50.623953;,
		53;100.000000;;
	}
	SI_Envelope {
		"frm-body";
		"frm-r_c2";
		4;
		32;48.102036;,
		33;45.402807;,
		34;48.067984;,
		37;100.000000;;
	}
	SI_Envelope {
		"frm-body";
		"frm-r_b2";
		4;
		29;46.444476;,
		30;46.444482;,
		31;45.245326;,
		36;100.000000;;
	}
	SI_Envelope {
		"frm-body";
		"frm-l_a2";
		4;
		93;48.102254;,
		94;45.402858;,
		95;48.067796;,
		102;100.000000;;
	}
	SI_Envelope {
		"frm-body";
		"frm-l_b1";
		9;
		79;100.000000;,
		80;100.000000;,
		81;100.000000;,
		87;100.000000;,
		88;100.000000;,
		89;100.000000;,
		96;53.555065;,
		97;53.555971;,
		98;54.754680;;
	}
	SI_Envelope {
		"frm-body";
		"frm-r_c1";
		10;
		16;100.000000;,
		17;100.000000;,
		18;100.000000;,
		23;100.000000;,
		24;100.000000;,
		25;100.000000;,
		32;51.897961;,
		33;54.597187;,
		34;51.932019;,
		49;40.072671;;
	}
	SI_Envelope {
		"frm-body";
		"frm-r_a2";
		4;
		26;48.102012;,
		27;45.402938;,
		28;48.068038;,
		35;100.000000;;
	}
	SI_Envelope {
		"frm-body";
		"frm-l_d2";
		3;
		121;49.712163;,
		123;52.988338;,
		124;100.000000;;
	}
	SI_Envelope {
		"frm-body";
		"frm-l_d1";
		6;
		67;100.000000;,
		71;50.000000;,
		120;59.924752;,
		121;50.287837;,
		122;100.000000;,
		123;47.011659;;
	}
	SI_Envelope {
		"frm-bomb";
		"frm-hp_com";
		12;
		0;100.000000;,
		1;100.000000;,
		2;100.000000;,
		3;100.000000;,
		4;100.000000;,
		5;100.000000;,
		6;100.000000;,
		7;100.000000;,
		8;100.000000;,
		9;100.000000;,
		10;100.000000;,
		11;100.000000;;
	}
	SI_Envelope {
		"frm-cockpit";
		"frm-hp_com";
		6;
		0;100.000000;,
		1;100.000000;,
		2;100.000000;,
		3;100.000000;,
		4;100.000000;,
		5;100.000000;;
	}
}
