xsi 0101txt 0032

SI_CoordinateSystem coord {
	1;
	0;
	1;
	0;
	2;
	5;
}

Frame frm-hp_bones {
	FrameTransformMatrix {
		1.000000,0.000002,0.000000,0.000000,
		-0.000002,1.000000,-0.000001,0.000000,
		-0.000000,0.000001,1.000000,0.000000,
		0.000000,0.000000,0.000000,1.000000;;
	}
		Frame frm-body {
			FrameTransformMatrix {
				1.000000,-0.000000,-0.000000,0.000000,
				0.000000,1.000000,0.000000,0.000000,
				0.000000,-0.000000,1.000000,0.000000,
				0.000000,-0.000000,-0.000000,1.000000;;
			}
				Frame frm-bomb {
					FrameTransformMatrix {
						1.000000,-0.000000,-0.000000,0.000000,
						0.000000,1.000000,0.000000,0.000000,
						0.000000,0.000000,1.000000,0.000000,
						-0.049129,3.693236,0.039702,1.000000;;
					}
				}
				Frame frm-cockpit {
					FrameTransformMatrix {
						1.000000,0.000000,0.000000,0.000000,
						-0.000000,1.000000,0.000000,0.000000,
						-0.000000,0.000000,1.000000,0.000000,
						-0.000004,2.493305,1.084226,1.000000;;
					}
				}
		}
		Frame frm-r_b1 {
			FrameTransformMatrix {
				-0.058195,0.998305,0.001142,0.000000,
				-0.998305,-0.058195,0.000000,0.000000,
				0.000067,-0.001140,0.999999,0.000000,
				-1.566960,1.605283,-0.000002,1.000000;;
			}
			SI_FrameBasePoseMatrix {
				0.339975,0.859721,0.381180,0.000000,
				-0.620540,-0.099484,0.777838,0.000000,
				0.706645,-0.500983,0.499669,0.000000,
				-1.566960,1.605283,-0.000002,1.000000;;
			}
				Frame frm-r_b2 {
					FrameTransformMatrix {
						0.993992,-0.109445,-0.001135,0.000000,
						0.109445,0.993993,-0.000125,0.000000,
						0.001142,0.000000,0.999999,0.000000,
						0.000000,1.593548,0.000000,1.000000;;
					}
					SI_FrameBasePoseMatrix {
						0.303948,0.783634,0.541788,0.000000,
						-0.889983,0.030645,0.454964,0.000000,
						0.339922,-0.620467,0.706735,0.000000,
						-0.000000,1.593548,0.000000,1.000000;;
					}
				}
		}
		Frame frm-r_c1 {
			FrameTransformMatrix {
				-0.060759,0.998150,0.002423,0.000000,
				-0.949983,-0.058572,0.306759,0.000000,
				0.306333,0.016336,0.951784,0.000000,
				-1.296544,1.605284,1.127300,1.000000;;
			}
			SI_FrameBasePoseMatrix {
				-0.126313,0.953125,0.274951,0.000000,
				-0.450164,-0.302063,0.840304,0.000000,
				0.883967,-0.017632,0.467217,0.000000,
				-1.296544,1.605284,1.127300,1.000000;;
			}
				Frame frm-r_c2 {
					FrameTransformMatrix {
						0.992986,-0.106889,-0.050530,0.000000,
						0.109084,0.993107,0.042877,0.000000,
						0.045599,-0.048088,0.997802,0.000000,
						0.000000,1.583289,-0.000000,1.000000;;
					}
					SI_FrameBasePoseMatrix {
						0.763068,0.585747,-0.273180,0.000000,
						-0.581695,0.806636,0.104735,0.000000,
						0.281705,0.078988,0.956244,0.000000,
						0.000000,1.583289,0.000000,1.000000;;
					}
				}
		}
		Frame frm-r_a1 {
			FrameTransformMatrix {
				-0.060913,0.998141,-0.001943,0.000000,
				-0.949983,-0.058571,-0.306759,0.000000,
				-0.306303,-0.016840,0.951785,0.000000,
				-1.269372,1.605283,-1.117277,1.000000;;
			}
			SI_FrameBasePoseMatrix {
				0.129403,0.991281,0.024828,0.000000,
				-0.982877,0.124914,0.135458,0.000000,
				0.131175,-0.041932,0.990472,0.000000,
				-1.269372,1.805283,-1.117278,1.000000;;
			}
				Frame frm-r_a2 {
					FrameTransformMatrix {
						0.993011,-0.106889,0.050028,0.000000,
						0.109062,0.993107,-0.042932,0.000000,
						-0.045095,0.048088,0.997825,0.000000,
						-0.000000,1.583289,0.000000,1.000000;;
					}
					SI_FrameBasePoseMatrix {
						0.112111,0.963077,0.244774,0.000000,
						-0.972356,0.157099,-0.172758,0.000000,
						-0.204833,-0.218639,0.954065,0.000000,
						-0.000000,1.583289,-0.000000,1.000000;;
					}
				}
		}
		Frame frm-r_d1 {
			FrameTransformMatrix {
				-0.083227,0.995722,0.040127,0.000000,
				0.000396,-0.040234,0.999190,0.000000,
				0.996531,0.083175,0.002954,0.000000,
				-0.894174,1.594529,1.538020,1.000000;;
			}
			SI_FrameBasePoseMatrix {
				-0.083228,0.757414,0.647609,0.000000,
				0.000397,-0.649838,0.760073,0.000000,
				0.996531,0.063516,0.053784,0.000000,
				-0.894174,1.594529,1.538020,1.000000;;
			}
				Frame frm-r_d2 {
					FrameTransformMatrix {
						-0.073150,-0.003398,0.997315,0.000000,
						0.087087,0.996153,0.009782,0.000000,
						-0.993512,0.087569,-0.072572,0.000000,
						-0.000000,0.924254,0.000000,1.000000;;
					}
					SI_FrameBasePoseMatrix {
						-0.072968,0.003669,0.997327,0.000000,
						-0.545846,0.836781,-0.043015,0.000000,
						-0.834702,-0.547526,-0.059056,0.000000,
						0.000000,0.924254,-0.000000,1.000000;;
					}
				}
		}
		Frame frm-l_b1 {
			FrameTransformMatrix {
				-0.058195,-0.998305,0.001198,0.000000,
				0.998305,-0.058195,0.000003,0.000000,
				0.000067,0.001196,0.999999,0.000000,
				1.566960,1.605283,0.000003,1.000000;;
			}
			SI_FrameBasePoseMatrix {
				0.340010,-0.877449,-0.338344,0.000000,
				0.620548,0.479669,-0.620354,0.000000,
				0.706622,0.000968,0.707591,0.000000,
				1.566960,1.605283,0.000003,1.000000;;
			}
				Frame frm-l_b2 {
					FrameTransformMatrix {
						0.993992,0.109445,-0.001248,0.000000,
						-0.109445,0.993993,0.000131,0.000000,
						0.001255,0.000006,0.999999,0.000000,
						-0.000000,1.593548,0.000000,1.000000;;
					}
					SI_FrameBasePoseMatrix {
						0.808176,-0.344213,0.477880,0.000000,
						0.507322,0.819010,-0.268042,0.000000,
						-0.299125,0.459064,0.836531,0.000000,
						0.000000,1.593548,-0.000000,1.000000;;
					}
				}
		}
		Frame frm-l_c1 {
			FrameTransformMatrix {
				0.060760,-0.928824,-0.365506,0.000000,
				0.949982,-0.058572,0.306762,0.000000,
				-0.306336,-0.365863,0.878807,0.000000,
				1.296541,1.605284,1.127304,1.000000;;
			}
			SI_FrameBasePoseMatrix {
				0.069641,-0.932162,-0.355280,0.000000,
				0.982879,0.125017,-0.135352,0.000000,
				0.170586,-0.339771,0.924909,0.000000,
				1.296541,1.805284,1.127304,1.000000;;
			}
				Frame frm-l_c2 {
					FrameTransformMatrix {
						0.826684,0.098669,0.553948,0.000000,
						-0.117191,0.993107,-0.002003,0.000000,
						-0.550327,-0.063262,0.832549,0.000000,
						-0.000000,1.583289,-0.000000,1.000000;;
					}
					SI_FrameBasePoseMatrix {
						0.502700,-0.567794,0.651845,0.000000,
						0.497694,0.806637,0.318808,0.000000,
						-0.706819,0.164155,0.688084,0.000000,
						0.000000,1.583289,0.000000,1.000000;;
					}
				}
		}
		Frame frm-l_a1 {
			FrameTransformMatrix {
				0.060912,-0.928639,0.365950,0.000000,
				0.949984,-0.058571,-0.306756,0.000000,
				0.306300,0.366332,0.878624,0.000000,
				1.269376,1.605283,-1.117273,1.000000;;
			}
			SI_FrameBasePoseMatrix {
				0.221278,-0.873891,0.432841,0.000000,
				0.450248,-0.302158,-0.840225,0.000000,
				0.865051,0.380809,0.326606,0.000000,
				1.269376,1.605283,-1.117273,1.000000;;
			}
				Frame frm-l_a2 {
					FrameTransformMatrix {
						0.826400,0.098669,-0.554371,0.000000,
						-0.117190,0.993107,0.002063,0.000000,
						0.550753,0.063262,0.832267,0.000000,
						0.000000,1.583290,-0.000000,1.000000;;
					}
					SI_FrameBasePoseMatrix {
						0.502369,-0.567804,-0.652092,0.000000,
						0.497517,0.806635,-0.319087,0.000000,
						0.707179,-0.164127,0.687721,0.000000,
						0.000000,1.583290,-0.000000,1.000000;;
					}
				}
		}
		Frame frm-l_d1 {
			FrameTransformMatrix {
				-0.083227,0.995725,0.040061,0.000000,
				-0.000399,-0.040234,0.999190,0.000000,
				0.996531,0.083143,0.003746,0.000000,
				0.894169,1.594529,1.538022,1.000000;;
			}
			SI_FrameBasePoseMatrix {
				0.165629,0.299206,0.939704,0.000000,
				0.077317,-0.953871,0.290090,0.000000,
				0.983153,0.024608,-0.181122,0.000000,
				0.894169,1.594529,1.538022,1.000000;;
			}
				Frame frm-l_d2 {
					FrameTransformMatrix {
						-0.072644,0.001576,0.997357,0.000000,
						0.087503,0.996153,0.004799,0.000000,
						-0.993512,0.087620,-0.072502,0.000000,
						-0.000000,0.924254,0.000000,1.000000;;
					}
					SI_FrameBasePoseMatrix {
						-0.324927,-0.067475,0.943329,0.000000,
						-0.863773,0.427353,-0.266956,0.000000,
						-0.385122,-0.901564,-0.197142,0.000000,
						-0.000000,0.924254,0.000000,1.000000;;
					}
				}
		}
		Frame frm-hp_com {
			FrameTransformMatrix {
				1.000000,0.000000,0.000000,0.000000,
				0.000000,1.000000,-0.000001,0.000000,
				0.000000,0.000001,1.000000,0.000000,
				-0.000000,1.438411,0.175334,1.000000;;
			}
			SI_FrameBasePoseMatrix {
				1.000000,0.000000,0.000000,0.000000,
				0.000000,1.000000,-0.000001,0.000000,
				0.000000,0.000001,1.000000,0.000000,
				-0.000000,1.438411,0.175334,1.000000;;
			}
				Frame frm-hp_eyepoint {
					FrameTransformMatrix {
						1.000000,0.000000,0.000000,0.000000,
						0.000000,1.000000,0.000000,0.000000,
						0.000000,-0.000000,1.000000,0.000000,
						-0.000003,1.054892,0.908894,1.000000;;
					}
					SI_FrameBasePoseMatrix {
						1.000000,0.000000,0.000000,0.000000,
						0.000000,1.000000,0.000000,0.000000,
						0.000000,-0.000000,1.000000,0.000000,
						-0.000003,1.054892,0.908894,1.000000;;
					}
				}
				Frame frm-hp_smoke {
					FrameTransformMatrix {
						1.000000,-0.000007,0.000000,0.000000,
						-0.000002,-0.275089,-0.961419,0.000000,
						0.000006,0.961419,-0.275089,0.000000,
						0.000000,-0.393405,-0.755116,1.000000;;
					}
					SI_FrameBasePoseMatrix {
						1.000000,-0.000007,0.000000,0.000000,
						-0.000002,-0.275089,-0.961419,0.000000,
						0.000006,0.961419,-0.275089,0.000000,
						0.000000,-0.393405,-0.755116,1.000000;;
					}
				}
				Frame frm-hp_special_1 {
					FrameTransformMatrix {
						1.000000,0.000000,-0.000020,0.000000,
						0.000000,-0.999818,-0.019054,0.000000,
						-0.000020,0.019054,-0.999719,0.000000,
						-0.000000,0.232527,-2.017919,1.000000;;
					}
					SI_FrameBasePoseMatrix {
						1.000000,0.000000,-0.000020,0.000000,
						0.000000,-0.999818,-0.019054,0.000000,
						-0.000020,0.019054,-0.999719,0.000000,
						-0.000000,0.232527,-2.017919,1.000000;;
					}
				}
				Frame frm-hp_special_2 {
					FrameTransformMatrix {
						1.000000,0.000001,-0.000028,0.000000,
						0.000000,-0.999818,-0.019054,0.000000,
						-0.000028,0.019054,-0.999719,0.000000,
						-0.000000,0.232527,-2.017919,1.000000;;
					}
					SI_FrameBasePoseMatrix {
						1.000000,0.000001,-0.000028,0.000000,
						0.000000,-0.999818,-0.019054,0.000000,
						-0.000028,0.019054,-0.999719,0.000000,
						-0.000000,0.232527,-2.017919,1.000000;;
					}
				}
				Frame frm-hp_special_3 {
					FrameTransformMatrix {
						1.000000,0.000001,-0.000034,0.000000,
						0.000000,-0.999818,-0.019054,0.000000,
						-0.000034,0.019054,-0.999719,0.000000,
						-0.000000,0.232527,-2.017919,1.000000;;
					}
					SI_FrameBasePoseMatrix {
						1.000000,0.000001,-0.000034,0.000000,
						0.000000,-0.999818,-0.019054,0.000000,
						-0.000034,0.019054,-0.999719,0.000000,
						-0.000000,0.232527,-2.017919,1.000000;;
					}
				}
		}
}

AnimationSet {
	Animation anim-r_b1 {
		{frm-r_b1}
		SI_AnimationKey {
			2;
			8;
			1;3;-1.566960,1.605283,-0.000002;;,
			5;3;-1.566960,1.605283,-0.000002;;,
			9;3;-1.566960,1.605283,-0.000002;;,
			16;3;-1.566960,1.605283,-0.000002;;,
			17;3;-1.566960,1.605283,-0.000002;;,
			20;3;-1.566960,1.605283,-0.000002;;,
			24;3;-1.566960,1.605283,-0.000002;;,
			32;3;-1.566960,1.605283,-0.000002;;;
		}
		SI_AnimationKey {
			0;
			8;
			1;4;0.659576,-0.484714,-0.123362,-0.561066;;,
			5;4;0.615457,-0.215359,0.031482,-0.757524;;,
			9;4;0.794464,0.194978,0.329639,-0.471327;;,
			16;4;0.659576,-0.484714,-0.123362,-0.561066;;,
			17;4;0.659576,-0.484714,-0.123362,-0.561066;;,
			20;4;0.615457,-0.215359,0.031482,-0.757524;;,
			24;4;0.794464,0.194978,0.329639,-0.471327;;,
			32;4;0.659576,-0.484714,-0.123362,-0.561066;;;
		}
	}
	Animation anim-r_b2 {
		{frm-r_b2}
		SI_AnimationKey {
			2;
			6;
			1;3;-0.000000,1.593548,0.000000;;,
			9;3;-0.000000,1.593548,0.000000;;,
			16;3;-0.000000,1.593548,0.000000;;,
			17;3;-0.000000,1.593548,0.000000;;,
			24;3;-0.000000,1.593548,0.000000;;,
			32;3;-0.000000,1.593548,0.000000;;;
		}
		SI_AnimationKey {
			0;
			6;
			1;4;0.714375,-0.376354,0.070644,-0.585692;;,
			9;4;0.930311,0.195057,-0.209833,-0.229009;;,
			16;4;0.714375,-0.376354,0.070644,-0.585692;;,
			17;4;0.714375,-0.376354,0.070644,-0.585692;;,
			24;4;0.930311,0.195057,-0.209833,-0.229009;;,
			32;4;0.714375,-0.376354,0.070644,-0.585692;;;
		}
	}
	Animation anim-r_c1 {
		{frm-r_c1}
		SI_AnimationKey {
			2;
			8;
			1;3;-1.296544,1.605284,1.127300;;,
			5;3;-1.296544,1.605284,1.127300;;,
			9;3;-1.296544,1.805284,1.127300;;,
			16;3;-1.296544,1.605284,1.127300;;,
			17;3;-1.296544,1.605284,1.127300;;,
			20;3;-1.296544,1.605284,1.127300;;,
			24;3;-1.296544,1.805284,1.127300;;,
			32;3;-1.296544,1.605284,1.127300;;;
		}
		SI_AnimationKey {
			0;
			8;
			1;4;0.509618,-0.420872,-0.298761,-0.688403;;,
			5;4;0.569578,-0.228360,-0.156682,-0.773876;;,
			9;4;0.749160,0.059203,0.035604,-0.658777;;,
			16;4;0.509618,-0.420872,-0.298761,-0.688403;;,
			17;4;0.509618,-0.420872,-0.298761,-0.688403;;,
			20;4;0.569578,-0.228360,-0.156682,-0.773876;;,
			24;4;0.749160,0.059203,0.035604,-0.658777;;,
			32;4;0.509618,-0.420872,-0.298761,-0.688403;;;
		}
	}
	Animation anim-r_c2 {
		{frm-r_c2}
		SI_AnimationKey {
			2;
			6;
			1;3;0.000000,1.583289,0.000000;;,
			9;3;0.000000,1.583289,-0.000000;;,
			16;3;0.000000,1.583289,0.000000;;,
			17;3;0.000000,1.583289,0.000000;;,
			24;3;0.000000,1.583289,-0.000000;;,
			32;3;0.000000,1.583289,0.000000;;;
		}
		SI_AnimationKey {
			0;
			6;
			1;4;0.938875,-0.006856,-0.147753,-0.310862;;,
			9;4;0.938876,-0.006856,-0.147753,-0.310862;;,
			16;4;0.938875,-0.006856,-0.147753,-0.310862;;,
			17;4;0.938875,-0.006856,-0.147753,-0.310862;;,
			24;4;0.938876,-0.006856,-0.147753,-0.310862;;,
			32;4;0.938875,-0.006856,-0.147753,-0.310862;;;
		}
	}
	Animation anim-r_a1 {
		{frm-r_a1}
		SI_AnimationKey {
			2;
			8;
			1;3;-1.269372,1.805283,-1.117278;;,
			9;3;-1.269372,1.605283,-1.117277;;,
			13;3;-1.269372,1.605283,-1.117277;;,
			16;3;-1.269372,1.805283,-1.117278;;,
			17;3;-1.269372,1.805283,-1.117278;;,
			24;3;-1.269372,1.605283,-1.117277;;,
			28;3;-1.269372,1.605283,-1.117277;;,
			32;3;-1.269372,1.805283,-1.117278;;;
		}
		SI_AnimationKey {
			0;
			8;
			1;4;0.749131,-0.059198,-0.035490,-0.658816;;,
			9;4;0.509523,0.420874,0.298832,-0.688441;;,
			13;4;0.569505,0.228352,0.156775,-0.773913;;,
			16;4;0.749131,-0.059198,-0.035490,-0.658816;;,
			17;4;0.749131,-0.059198,-0.035490,-0.658816;;,
			24;4;0.509523,0.420874,0.298832,-0.688441;;,
			28;4;0.569505,0.228352,0.156775,-0.773913;;,
			32;4;0.749131,-0.059198,-0.035490,-0.658816;;;
		}
	}
	Animation anim-r_a2 {
		{frm-r_a2}
		SI_AnimationKey {
			2;
			6;
			1;3;-0.000000,1.583289,-0.000000;;,
			9;3;-0.000000,1.583289,0.000000;;,
			16;3;-0.000000,1.583289,-0.000000;;,
			17;3;-0.000000,1.583289,-0.000000;;,
			24;3;-0.000000,1.583289,0.000000;;,
			32;3;-0.000000,1.583289,-0.000000;;;
		}
		SI_AnimationKey {
			0;
			6;
			1;4;0.745532,-0.015386,0.150767,-0.649010;;,
			9;4;0.938913,0.006777,0.147516,-0.310863;;,
			16;4;0.745532,-0.015386,0.150767,-0.649010;;,
			17;4;0.745532,-0.015386,0.150767,-0.649010;;,
			24;4;0.938913,0.006777,0.147516,-0.310863;;,
			32;4;0.745532,-0.015386,0.150767,-0.649010;;;
		}
	}
	Animation anim-r_d1 {
		{frm-r_d1}
		SI_AnimationKey {
			2;
			6;
			1;3;-0.894174,1.594529,1.538020;;,
			9;3;-0.894174,1.594529,1.538020;;,
			16;3;-0.894174,1.594529,1.538020;;,
			17;3;-0.894174,1.594529,1.538020;;,
			24;3;-0.894174,1.594529,1.538020;;,
			32;3;-0.894174,1.594529,1.538020;;;
		}
		SI_AnimationKey {
			0;
			6;
			1;4;0.283160,-0.614985,-0.308061,-0.668365;;,
			9;4;0.116405,-0.568543,-0.097541,-0.808514;;,
			16;4;0.283160,-0.614985,-0.308061,-0.668365;;,
			17;4;0.283160,-0.614985,-0.308061,-0.668365;;,
			24;4;0.116405,-0.568543,-0.097541,-0.808514;;,
			32;4;0.283160,-0.614985,-0.308061,-0.668365;;;
		}
	}
	Animation anim-r_d2 {
		{frm-r_d2}
		SI_AnimationKey {
			2;
			6;
			1;3;0.000000,0.924254,-0.000000;;,
			9;3;-0.000000,0.924255,-0.000000;;,
			16;3;0.000000,0.924254,-0.000000;;,
			17;3;0.000000,0.924254,-0.000000;;,
			24;3;-0.000000,0.924255,-0.000000;;,
			32;3;0.000000,0.924254,-0.000000;;;
		}
		SI_AnimationKey {
			0;
			6;
			1;4;0.652832,-0.193201,0.701571,-0.210435;;,
			9;4;0.661593,-0.385412,0.525330,-0.371189;;,
			16;4;0.652832,-0.193201,0.701571,-0.210435;;,
			17;4;0.652832,-0.193201,0.701571,-0.210435;;,
			24;4;0.661593,-0.385412,0.525330,-0.371189;;,
			32;4;0.652832,-0.193201,0.701571,-0.210435;;;
		}
	}
	Animation anim-l_b1 {
		{frm-l_b1}
		SI_AnimationKey {
			2;
			8;
			1;3;1.566960,1.605283,0.000003;;,
			9;3;1.566960,1.605283,0.000003;;,
			13;3;1.566960,1.605283,0.000003;;,
			16;3;1.566960,1.605283,0.000003;;,
			17;3;1.566960,1.605283,0.000003;;,
			24;3;1.566960,1.605283,0.000003;;,
			28;3;1.566960,1.605283,0.000003;;,
			32;3;1.566960,1.605283,0.000003;;;
		}
		SI_AnimationKey {
			0;
			8;
			1;4;0.794869,0.195416,-0.328659,0.471146;;,
			9;4;0.659369,-0.484154,0.124197,0.561607;;,
			13;4;0.625491,-0.182479,-0.067513,0.755582;;,
			16;4;0.794869,0.195416,-0.328659,0.471146;;,
			17;4;0.794869,0.195416,-0.328659,0.471146;;,
			24;4;0.659369,-0.484154,0.124197,0.561607;;,
			28;4;0.625491,-0.182479,-0.067513,0.755582;;,
			32;4;0.794869,0.195416,-0.328659,0.471146;;;
		}
	}
	Animation anim-l_b2 {
		{frm-l_b2}
		SI_AnimationKey {
			2;
			6;
			1;3;0.000000,1.593548,-0.000000;;,
			9;3;-0.000000,1.593548,-0.000000;;,
			16;3;0.000000,1.593548,-0.000000;;,
			17;3;0.000000,1.593548,-0.000000;;,
			24;3;-0.000000,1.593548,-0.000000;;,
			32;3;0.000000,1.593548,-0.000000;;;
		}
		SI_AnimationKey {
			0;
			6;
			1;4;0.930553,0.195343,0.208748,0.228771;;,
			9;4;0.714303,-0.375715,-0.071428,0.586096;;,
			16;4;0.930553,0.195343,0.208748,0.228771;;,
			17;4;0.930553,0.195343,0.208748,0.228771;;,
			24;4;0.714303,-0.375715,-0.071428,0.586096;;,
			32;4;0.930553,0.195343,0.208748,0.228771;;;
		}
	}
	Animation anim-l_c1 {
		{frm-l_c1}
		SI_AnimationKey {
			2;
			8;
			1;3;1.296541,1.805284,1.127304;;,
			9;3;1.296541,1.605284,1.127304;;,
			13;3;1.296541,1.605284,1.127304;;,
			16;3;1.296541,1.805284,1.127304;;,
			17;3;1.296541,1.805284,1.127304;;,
			24;3;1.296541,1.605284,1.127304;;,
			28;3;1.296541,1.605284,1.127304;;,
			32;3;1.296541,1.805284,1.127304;;;
		}
		SI_AnimationKey {
			0;
			8;
			1;4;0.727937,-0.070205,-0.180602,0.657695;;,
			9;4;0.557967,-0.546832,0.193995,0.593308;;,
			13;4;0.589164,-0.374639,0.042972,0.714622;;,
			16;4;0.727937,-0.070205,-0.180602,0.657695;;,
			17;4;0.727937,-0.070205,-0.180602,0.657695;;,
			24;4;0.557967,-0.546832,0.193995,0.593308;;,
			28;4;0.589164,-0.374639,0.042972,0.714622;;,
			32;4;0.727937,-0.070205,-0.180602,0.657695;;;
		}
	}
	Animation anim-l_c2 {
		{frm-l_c2}
		SI_AnimationKey {
			2;
			6;
			1;3;0.000000,1.583289,0.000000;;,
			9;3;0.000000,1.583289,-0.000000;;,
			16;3;0.000000,1.583289,0.000000;;,
			17;3;0.000000,1.583289,0.000000;;,
			24;3;0.000000,1.583289,-0.000000;;,
			32;3;0.000000,1.583289,0.000000;;;
		}
		SI_AnimationKey {
			0;
			6;
			1;4;0.865653,-0.044664,0.392381,0.307712;;,
			9;4;0.865653,-0.044664,0.392381,0.307712;;,
			16;4;0.865653,-0.044664,0.392381,0.307712;;,
			17;4;0.865653,-0.044664,0.392381,0.307712;;,
			24;4;0.865653,-0.044664,0.392381,0.307712;;,
			32;4;0.865653,-0.044664,0.392381,0.307712;;;
		}
	}
	Animation anim-l_a1 {
		{frm-l_a1}
		SI_AnimationKey {
			2;
			8;
			1;3;1.269376,1.605283,-1.117273;;,
			5;3;1.269376,1.605283,-1.117273;;,
			9;3;1.269376,1.805283,-1.117274;;,
			16;3;1.269376,1.605283,-1.117273;;,
			17;3;1.269376,1.605283,-1.117273;;,
			20;3;1.269376,1.605283,-1.117273;;,
			24;3;1.269376,1.805283,-1.117274;;,
			32;3;1.269376,1.605283,-1.117273;;;
		}
		SI_AnimationKey {
			0;
			8;
			1;4;0.558061,0.546999,-0.193622,0.593188;;,
			5;4;0.589158,0.374832,-0.042587,0.714549;;,
			9;4;0.727802,0.070329,0.180998,0.657721;;,
			16;4;0.558061,0.546999,-0.193622,0.593188;;,
			17;4;0.558061,0.546999,-0.193622,0.593188;;,
			20;4;0.589158,0.374832,-0.042587,0.714549;;,
			24;4;0.727802,0.070329,0.180998,0.657721;;,
			32;4;0.558061,0.546999,-0.193622,0.593188;;;
		}
	}
	Animation anim-l_a2 {
		{frm-l_a2}
		SI_AnimationKey {
			2;
			6;
			1;3;0.000000,1.583290,-0.000000;;,
			9;3;0.000000,1.583289,-0.000000;;,
			16;3;0.000000,1.583290,-0.000000;;,
			17;3;0.000000,1.583290,-0.000000;;,
			24;3;0.000000,1.583289,-0.000000;;,
			32;3;0.000000,1.583290,-0.000000;;;
		}
		SI_AnimationKey {
			0;
			6;
			1;4;0.865553,0.044757,-0.392602,0.307700;;,
			9;4;0.668914,0.085201,-0.366223,0.641230;;,
			16;4;0.865553,0.044757,-0.392602,0.307700;;,
			17;4;0.865553,0.044757,-0.392602,0.307700;;,
			24;4;0.668914,0.085201,-0.366223,0.641230;;,
			32;4;0.865553,0.044757,-0.392602,0.307700;;;
		}
	}
	Animation anim-l_d1 {
		{frm-l_d1}
		SI_AnimationKey {
			2;
			6;
			1;3;0.894169,1.594529,1.538022;;,
			9;3;0.894169,1.594529,1.538022;;,
			16;3;0.894169,1.594529,1.538022;;,
			17;3;0.894169,1.594529,1.538022;;,
			24;3;0.894169,1.594529,1.538022;;,
			32;3;0.894169,1.594529,1.538022;;;
		}
		SI_AnimationKey {
			0;
			6;
			1;4;0.087515,-0.758390,-0.124119,-0.633861;;,
			9;4;0.283426,-0.614863,-0.307816,-0.668478;;,
			16;4;0.087515,-0.758390,-0.124119,-0.633861;;,
			17;4;0.087515,-0.758390,-0.124119,-0.633861;;,
			24;4;0.283426,-0.614863,-0.307816,-0.668478;;,
			32;4;0.087515,-0.758390,-0.124119,-0.633861;;;
		}
	}
	Animation anim-l_d2 {
		{frm-l_d2}
		SI_AnimationKey {
			2;
			6;
			1;3;-0.000000,0.924254,0.000000;;,
			9;3;0.000000,0.924254,0.000000;;,
			16;3;-0.000000,0.924254,0.000000;;,
			17;3;-0.000000,0.924254,0.000000;;,
			24;3;0.000000,0.924254,0.000000;;,
			32;3;-0.000000,0.924254,0.000000;;;
		}
		SI_AnimationKey {
			0;
			6;
			1;4;0.475732,-0.333490,0.698108,-0.418459;;,
			9;4;0.652142,-0.191431,0.702211,-0.212047;;,
			16;4;0.475732,-0.333490,0.698108,-0.418459;;,
			17;4;0.475732,-0.333490,0.698108,-0.418459;;,
			24;4;0.652142,-0.191431,0.702211,-0.212047;;,
			32;4;0.475732,-0.333490,0.698108,-0.418459;;;
		}
	}
	Animation anim-hp_com {
		{frm-hp_com}
		SI_AnimationKey {
			2;
			6;
			1;3;-0.000000,1.438411,0.175334;;,
			9;3;-0.000000,1.438411,0.175334;;,
			16;3;-0.000000,1.438411,0.175334;;,
			17;3;-0.000000,1.438411,0.175334;;,
			24;3;-0.000000,1.438411,0.175334;;,
			32;3;-0.000000,1.438411,0.175334;;;
		}
		SI_AnimationKey {
			0;
			6;
			1;4;1.000000,0.000000,0.000000,0.000000;;,
			9;4;1.000000,0.000000,0.000000,0.000000;;,
			16;4;1.000000,0.000000,0.000000,0.000000;;,
			17;4;1.000000,0.000000,0.000000,0.000000;;,
			24;4;1.000000,0.000000,0.000000,0.000000;;,
			32;4;1.000000,0.000000,0.000000,0.000000;;;
		}
	}
}

SI_EnvelopeList {
	19;
	SI_Envelope {
		"frm-body";
		"frm-hp_com";
		60;
		0;100.000000;,
		1;100.000000;,
		2;100.000000;,
		3;100.000000;,
		5;100.000000;,
		6;50.000000;,
		7;100.000000;,
		38;100.000000;,
		39;100.000000;,
		40;100.000000;,
		41;100.000000;,
		42;100.000000;,
		43;100.000000;,
		44;100.000000;,
		45;100.000000;,
		46;100.000000;,
		47;100.000000;,
		48;100.000000;,
		54;100.000000;,
		55;100.000000;,
		56;100.000000;,
		57;100.000000;,
		58;100.000000;,
		59;100.000000;,
		60;100.000000;,
		61;100.000000;,
		62;100.000000;,
		63;100.000000;,
		64;100.000000;,
		65;100.000000;,
		66;100.000000;,
		68;100.000000;,
		69;100.000000;,
		70;100.000000;,
		71;50.000000;,
		72;100.000000;,
		73;100.000000;,
		74;100.000000;,
		105;100.000000;,
		106;100.000000;,
		107;100.000000;,
		108;100.000000;,
		109;100.000000;,
		110;100.000000;,
		111;100.000000;,
		112;100.000000;,
		113;100.000000;,
		114;100.000000;,
		115;100.000000;,
		116;100.000000;,
		117;100.000000;,
		118;100.000000;,
		119;100.000000;,
		125;100.000000;,
		126;100.000000;,
		127;100.000000;,
		128;100.000000;,
		129;100.000000;,
		130;100.000000;,
		131;100.000000;;
	}
	SI_Envelope {
		"frm-body";
		"frm-l_c1";
		10;
		83;100.000000;,
		84;100.000000;,
		85;100.000000;,
		90;100.000000;,
		91;100.000000;,
		92;100.000000;,
		99;51.898235;,
		100;54.597235;,
		101;51.931745;,
		120;40.075251;;
	}
	SI_Envelope {
		"frm-body";
		"frm-r_a1";
		9;
		8;100.000000;,
		9;100.000000;,
		10;100.000000;,
		11;100.000000;,
		15;100.000000;,
		19;100.000000;,
		26;51.897991;,
		27;54.597062;,
		28;51.931965;;
	}
	SI_Envelope {
		"frm-body";
		"frm-l_b2";
		4;
		96;46.444935;,
		97;46.444023;,
		98;45.245323;,
		103;100.000000;;
	}
	SI_Envelope {
		"frm-body";
		"frm-l_a1";
		9;
		75;100.000000;,
		76;100.000000;,
		77;100.000000;,
		78;100.000000;,
		82;100.000000;,
		86;100.000000;,
		93;51.897740;,
		94;54.597139;,
		95;51.932210;;
	}
	SI_Envelope {
		"frm-body";
		"frm-l_c2";
		4;
		99;48.101765;,
		100;45.402771;,
		101;48.068249;,
		104;100.000000;;
	}
	SI_Envelope {
		"frm-body";
		"frm-r_b1";
		9;
		12;100.000000;,
		13;100.000000;,
		14;100.000000;,
		20;100.000000;,
		21;100.000000;,
		22;100.000000;,
		29;53.555530;,
		30;53.555512;,
		31;54.754674;;
	}
	SI_Envelope {
		"frm-body";
		"frm-r_d1";
		6;
		4;100.000000;,
		6;50.000000;,
		49;59.927326;,
		50;49.266854;,
		51;100.000000;,
		52;49.376047;;
	}
	SI_Envelope {
		"frm-body";
		"frm-r_d2";
		3;
		50;50.733149;,
		52;50.623953;,
		53;100.000000;;
	}
	SI_Envelope {
		"frm-body";
		"frm-r_c2";
		4;
		32;48.102036;,
		33;45.402807;,
		34;48.067984;,
		37;100.000000;;
	}
	SI_Envelope {
		"frm-body";
		"frm-r_b2";
		4;
		29;46.444476;,
		30;46.444482;,
		31;45.245326;,
		36;100.000000;;
	}
	SI_Envelope {
		"frm-body";
		"frm-l_a2";
		4;
		93;48.102254;,
		94;45.402858;,
		95;48.067796;,
		102;100.000000;;
	}
	SI_Envelope {
		"frm-body";
		"frm-l_b1";
		9;
		79;100.000000;,
		80;100.000000;,
		81;100.000000;,
		87;100.000000;,
		88;100.000000;,
		89;100.000000;,
		96;53.555065;,
		97;53.555971;,
		98;54.754680;;
	}
	SI_Envelope {
		"frm-body";
		"frm-r_c1";
		10;
		16;100.000000;,
		17;100.000000;,
		18;100.000000;,
		23;100.000000;,
		24;100.000000;,
		25;100.000000;,
		32;51.897961;,
		33;54.597187;,
		34;51.932019;,
		49;40.072671;;
	}
	SI_Envelope {
		"frm-body";
		"frm-r_a2";
		4;
		26;48.102012;,
		27;45.402938;,
		28;48.068038;,
		35;100.000000;;
	}
	SI_Envelope {
		"frm-body";
		"frm-l_d2";
		3;
		121;49.712163;,
		123;52.988338;,
		124;100.000000;;
	}
	SI_Envelope {
		"frm-body";
		"frm-l_d1";
		6;
		67;100.000000;,
		71;50.000000;,
		120;59.924752;,
		121;50.287837;,
		122;100.000000;,
		123;47.011659;;
	}
	SI_Envelope {
		"frm-bomb";
		"frm-hp_com";
		12;
		0;100.000000;,
		1;100.000000;,
		2;100.000000;,
		3;100.000000;,
		4;100.000000;,
		5;100.000000;,
		6;100.000000;,
		7;100.000000;,
		8;100.000000;,
		9;100.000000;,
		10;100.000000;,
		11;100.000000;;
	}
	SI_Envelope {
		"frm-cockpit";
		"frm-hp_com";
		6;
		0;100.000000;,
		1;100.000000;,
		2;100.000000;,
		3;100.000000;,
		4;100.000000;,
		5;100.000000;;
	}
}
