xsi 0101txt 0032

SI_CoordinateSystem coord {
	1;
	0;
	1;
	0;
	2;
	5;
}

Frame frm-hp_bones {
	FrameTransformMatrix {
		1.000000,0.000002,0.000000,0.000000,
		-0.000002,1.000000,-0.000001,0.000000,
		-0.000000,0.000001,1.000000,0.000000,
		0.000000,0.000000,0.000000,1.000000;;
	}
		Frame frm-body {
			FrameTransformMatrix {
				1.000000,0.000000,0.000000,0.000000,
				0.000000,1.000000,0.000000,0.000000,
				0.000000,0.000000,1.000000,0.000000,
				0.000000,1.616220,-1.251847,1.000000;;
			}
				Frame frm-cockpit {
					FrameTransformMatrix {
						1.000000,-0.000000,0.000000,0.000000,
						0.000000,1.000000,-0.000000,0.000000,
						0.000000,0.000000,1.000000,0.000000,
						-0.000001,0.245164,3.879867,1.000000;;
					}
						Frame frm-hp_eyepoint {
							FrameTransformMatrix {
								1.000000,-0.000000,-0.000000,0.000000,
								-0.000000,1.000000,0.000000,0.000000,
								-0.000000,-0.000000,1.000000,0.000000,
								-0.000000,0.000000,0.000000,1.000000;;
							}
						}
				}
				Frame frm-flame_1__h {
					FrameTransformMatrix {
						1.100000,-0.000000,0.000000,0.000000,
						0.000000,1.100000,-0.000000,0.000000,
						0.000000,0.000000,1.100000,0.000000,
						-0.524041,-0.769912,-3.103175,1.000000;;
					}
				}
				Frame frm-flame_2__h {
					FrameTransformMatrix {
						1.100000,-0.000000,0.000000,0.000000,
						0.000000,1.100000,-0.000000,0.000000,
						0.000000,0.000000,1.100000,0.000000,
						0.524044,-0.769910,-3.103174,1.000000;;
					}
				}
				Frame frm-hp_cannon_1 {
					FrameTransformMatrix {
						1.000000,-0.000000,0.000000,0.000000,
						0.000000,1.000000,-0.000000,0.000000,
						0.000000,-0.000000,1.000000,0.000000,
						-0.000002,1.181965,4.024294,1.000000;;
					}
				}
				Frame frm-hp_com {
					FrameTransformMatrix {
						-0.491995,-0.000000,-0.000001,0.000000,
						-0.000001,0.000000,0.491995,0.000000,
						0.000000,0.491995,-0.000000,0.000000,
						0.000001,0.205197,0.584405,1.000000;;
					}
				}
				Frame frm-hp_gun_1 {
					FrameTransformMatrix {
						1.000000,-0.000000,0.000000,0.000000,
						0.000000,1.000000,-0.000000,0.000000,
						0.000000,-0.000000,1.000000,0.000000,
						-1.283120,-0.118010,4.042820,1.000000;;
					}
				}
				Frame frm-hp_gun_2 {
					FrameTransformMatrix {
						1.000000,-0.000000,0.000000,0.000000,
						0.000000,1.000000,-0.000000,0.000000,
						0.000000,-0.000000,1.000000,0.000000,
						1.283116,-0.118010,4.042824,1.000000;;
					}
				}
				Frame frm-hp_smoke {
					FrameTransformMatrix {
						-0.815188,-0.000000,-0.000001,0.000000,
						-0.000001,0.523848,0.624592,0.000000,
						0.000001,0.624593,-0.523847,0.000000,
						0.000001,1.532839,0.572868,1.000000;;
					}
				}
				Frame frm-hp_special_1 {
					FrameTransformMatrix {
						-0.815188,-0.000000,-0.000001,0.000000,
						0.000001,0.234518,-0.780726,0.000000,
						0.000000,-0.780726,-0.234518,0.000000,
						0.000003,-0.420280,-0.915996,1.000000;;
					}
				}
		}
		Frame frm-gun1 {
			FrameTransformMatrix {
				1.000000,0.000000,0.000000,0.000000,
				0.000000,1.000000,-0.000004,0.000000,
				0.000000,0.000004,1.000000,0.000000,
				-1.283120,1.498210,2.790974,1.000000;;
			}
			SI_FrameBasePoseMatrix {
				1.000000,0.000000,0.000000,0.000000,
				0.000000,1.000000,-0.000004,0.000000,
				0.000000,0.000004,1.000000,0.000000,
				-1.283120,1.498210,2.790974,1.000000;;
			}
		}
		Frame frm-gun2 {
			FrameTransformMatrix {
				1.000000,0.000000,0.000000,0.000000,
				0.000000,1.000000,-0.000004,0.000000,
				0.000000,0.000004,1.000000,0.000000,
				1.283000,1.498210,2.790974,1.000000;;
			}
			SI_FrameBasePoseMatrix {
				1.000000,0.000000,0.000000,0.000000,
				0.000000,1.000000,-0.000004,0.000000,
				0.000000,0.000004,1.000000,0.000000,
				1.283000,1.498210,2.790974,1.000000;;
			}
		}
		Frame frm-headbone {
			FrameTransformMatrix {
				1.000000,-0.000008,0.000002,0.000000,
				-0.000002,0.000001,1.000000,0.000000,
				-0.000008,-1.000000,0.000001,0.000000,
				0.000005,2.942653,-1.874164,1.000000;;
			}
			SI_FrameBasePoseMatrix {
				1.000000,-0.000008,0.000002,0.000000,
				-0.000002,0.000001,1.000000,0.000000,
				-0.000008,-1.000000,0.000001,0.000000,
				0.000005,2.942653,-1.874164,1.000000;;
			}
		}
		Frame frm-cannonbone {
			FrameTransformMatrix {
				1.000000,0.000110,-0.000000,0.000000,
				-0.000002,0.013793,0.999905,0.000000,
				0.000110,-0.999905,0.013793,0.000000,
				0.000001,2.770658,0.636483,1.000000;;
			}
			SI_FrameBasePoseMatrix {
				1.000000,0.000110,-0.000000,0.000000,
				-0.000002,0.013793,0.999905,0.000000,
				0.000110,-0.999905,0.013793,0.000000,
				0.000001,2.770658,0.636483,1.000000;;
			}
				Frame frm-can1 {
					FrameTransformMatrix {
						1.000000,-0.000002,0.000110,0.000000,
						0.000110,0.013792,-0.999905,0.000000,
						-0.000000,0.999905,0.013792,0.000000,
						-0.000000,2.018664,-0.000000,1.000000;;
					}
					SI_FrameBasePoseMatrix {
						1.000000,-0.000002,0.000110,0.000000,
						0.000110,0.013792,-0.999905,0.000000,
						-0.000000,0.999905,0.013792,0.000000,
						-0.000000,2.018664,-0.000000,1.000000;;
					}
				}
		}
		Frame frm-hi_wing_r1 {
			FrameTransformMatrix {
				0.979280,-0.043623,-0.197756,0.000000,
				-0.192135,0.108426,-0.975361,0.000000,
				0.063990,0.993147,0.097798,0.000000,
				-1.172053,1.881975,1.553226,1.000000;;
			}
			SI_FrameBasePoseMatrix {
				0.979280,-0.043623,-0.197756,0.000000,
				-0.192135,0.108426,-0.975361,0.000000,
				0.063990,0.993147,0.097798,0.000000,
				-1.172053,1.881975,1.553226,1.000000;;
			}
				Frame frm-hi_wing_r2 {
					FrameTransformMatrix {
						0.626737,-0.024956,0.778831,0.000000,
						0.247408,0.954144,-0.168520,0.000000,
						-0.738911,0.298307,0.604172,0.000000,
						-0.000000,2.643755,0.000000,1.000000;;
					}
					SI_FrameBasePoseMatrix {
						0.626737,-0.024956,0.778831,0.000000,
						0.247408,0.954144,-0.168520,0.000000,
						-0.738911,0.298307,0.604172,0.000000,
						-0.000000,2.643755,0.000000,1.000000;;
					}
				}
		}
		Frame frm-lo_wing_r1 {
			FrameTransformMatrix {
				0.979850,-0.166681,-0.110049,0.000000,
				-0.112880,-0.007579,-0.993580,0.000000,
				0.164777,0.985982,-0.026241,0.000000,
				-2.669469,1.474065,-1.914129,1.000000;;
			}
			SI_FrameBasePoseMatrix {
				0.979850,-0.166681,-0.110049,0.000000,
				-0.112880,-0.007579,-0.993580,0.000000,
				0.164777,0.985982,-0.026241,0.000000,
				-2.669469,1.474065,-1.914129,1.000000;;
			}
				Frame frm-lo_wing_r2 {
					FrameTransformMatrix {
						0.168025,-0.001050,-0.985782,0.000000,
						0.421612,0.904000,0.070900,0.000000,
						0.891073,-0.427530,0.152337,0.000000,
						0.000000,1.374786,-0.000000,1.000000;;
					}
					SI_FrameBasePoseMatrix {
						0.168025,-0.001050,-0.985782,0.000000,
						0.421612,0.904000,0.070900,0.000000,
						0.891073,-0.427530,0.152337,0.000000,
						0.000000,1.374786,-0.000000,1.000000;;
					}
				}
		}
		Frame frm-body_back {
			FrameTransformMatrix {
				1.000000,-0.000002,0.000002,0.000000,
				0.000002,-0.000001,-1.000000,0.000000,
				0.000002,1.000000,-0.000001,0.000000,
				0.000002,1.686540,-1.533757,1.000000;;
			}
			SI_FrameBasePoseMatrix {
				1.000000,-0.000002,0.000002,0.000000,
				0.000002,-0.000001,-1.000000,0.000000,
				0.000002,1.000000,-0.000001,0.000000,
				0.000002,1.686540,-1.533757,1.000000;;
			}
		}
		Frame frm-hi_wing_l1 {
			FrameTransformMatrix {
				0.979280,-0.085989,0.183351,0.000000,
				0.192138,0.108426,-0.975360,0.000000,
				0.063990,0.990379,0.122701,0.000000,
				1.172048,1.881975,1.553229,1.000000;;
			}
			SI_FrameBasePoseMatrix {
				0.979280,-0.085989,0.183351,0.000000,
				0.192138,0.108426,-0.975360,0.000000,
				0.063990,0.990379,0.122701,0.000000,
				1.172048,1.881975,1.553229,1.000000;;
			}
				Frame frm-hi_wing_l2 {
					FrameTransformMatrix {
						0.574937,0.294068,0.763525,0.000000,
						-0.223374,0.954144,-0.199283,0.000000,
						-0.787116,-0.055977,0.614260,0.000000,
						-0.000000,2.643755,0.000000,1.000000;;
					}
					SI_FrameBasePoseMatrix {
						0.574937,0.294068,0.763525,0.000000,
						-0.223374,0.954144,-0.199283,0.000000,
						-0.787116,-0.055977,0.614260,0.000000,
						-0.000000,2.643755,0.000000,1.000000;;
					}
				}
		}
		Frame frm-lo_wing_l1 {
			FrameTransformMatrix {
				0.979850,-0.164983,0.112582,0.000000,
				0.112884,-0.007579,-0.993579,0.000000,
				0.164777,0.986267,0.011198,0.000000,
				2.669475,1.474065,-1.914121,1.000000;;
			}
			SI_FrameBasePoseMatrix {
				0.979850,-0.164983,0.112582,0.000000,
				0.112884,-0.007579,-0.993579,0.000000,
				0.164777,0.986267,0.011198,0.000000,
				2.669475,1.474065,-1.914121,1.000000;;
			}
				Frame frm-lo_wing_l2 {
					FrameTransformMatrix {
						0.168025,0.001049,-0.985782,0.000000,
						-0.421612,0.904000,-0.070900,0.000000,
						0.891073,0.427531,0.152337,0.000000,
						-0.000000,1.374786,0.000000,1.000000;;
					}
					SI_FrameBasePoseMatrix {
						0.168025,0.001049,-0.985782,0.000000,
						-0.421612,0.904000,-0.070900,0.000000,
						0.891073,0.427531,0.152337,0.000000,
						-0.000000,1.374786,0.000000,1.000000;;
					}
				}
		}
		Frame frm-ham_r {
			FrameTransformMatrix {
				0.992169,-0.076759,-0.098533,0.000000,
				-0.124903,-0.609822,-0.782634,0.000000,
				-0.000013,0.788812,-0.614634,0.000000,
				-0.202939,2.857805,-3.271401,1.000000;;
			}
			SI_FrameBasePoseMatrix {
				0.992169,-0.076759,-0.098533,0.000000,
				-0.124903,-0.609822,-0.782634,0.000000,
				-0.000013,0.788812,-0.614634,0.000000,
				-0.202939,2.857805,-3.271401,1.000000;;
			}
		}
		Frame frm-ham_l {
			FrameTransformMatrix {
				0.992169,0.076782,0.098519,0.000000,
				0.124906,-0.609822,-0.782634,0.000000,
				-0.000013,0.788810,-0.614637,0.000000,
				0.202949,2.857805,-3.271400,1.000000;;
			}
			SI_FrameBasePoseMatrix {
				0.992169,0.076782,0.098519,0.000000,
				0.124906,-0.609822,-0.782634,0.000000,
				-0.000013,0.788810,-0.614637,0.000000,
				0.202949,2.857805,-3.271400,1.000000;;
			}
		}
}

AnimationSet {
	Animation anim-hp_cannon_1 {
		{frm-hp_cannon_1}
		SI_AnimationKey {
			2;
			2;
			0;3;-0.000002,1.181965,4.024294;;,
			29;3;-0.000003,1.107685,5.066430;;;
		}
	}
	Animation anim-headbone {
		{frm-headbone}
		SI_AnimationKey {
			2;
			2;
			0;3;0.000005,2.942653,-1.874164;;,
			29;3;0.000004,3.259781,-1.149824;;;
		}
		SI_AnimationKey {
			0;
			2;
			0;4;0.707107,-0.707106,0.000003,0.000002;;,
			29;4;0.700924,-0.713236,0.000003,0.000002;;;
		}
	}
	Animation anim-cannonbone {
		{frm-cannonbone}
		SI_AnimationKey {
			2;
			2;
			0;3;0.000001,2.770658,0.636483;;,
			29;3;-0.000001,2.690402,1.717757;;;
		}
		SI_AnimationKey {
			0;
			2;
			0;4;0.711967,-0.702213,-0.000039,-0.000039;;,
			29;4;0.711967,-0.702213,-0.000039,-0.000039;;;
		}
	}
	Animation anim-hi_wing_r1 {
		{frm-hi_wing_r1}
		SI_AnimationKey {
			2;
			2;
			0;3;-1.172053,1.881975,1.553226;;,
			29;3;-0.894952,2.513780,1.235991;;;
		}
		SI_AnimationKey {
			0;
			2;
			0;4;0.739173,0.665781,-0.088527,-0.050229;;,
			29;4;0.735534,0.535788,0.145575,-0.388239;;;
		}
	}
	Animation anim-hi_wing_r2 {
		{frm-hi_wing_r2}
		SI_AnimationKey {
			2;
			2;
			0;3;-0.000000,2.643755,0.000000;;,
			29;3;0.000000,2.643755,0.000000;;;
		}
		SI_AnimationKey {
			0;
			2;
			0;4;0.892336,0.130788,0.425216,0.076306;;,
			29;4;0.738808,0.221689,0.613222,-0.170224;;;
		}
	}
	Animation anim-lo_wing_r1 {
		{frm-lo_wing_r1}
		SI_AnimationKey {
			2;
			2;
			0;3;-2.669469,1.474065,-1.914129;;,
			29;3;-2.383106,1.780895,-1.914129;;;
		}
		SI_AnimationKey {
			0;
			2;
			0;4;0.697501,0.709519,-0.098504,0.019283;;,
			29;4;0.651219,0.607125,-0.297089,0.345039;;;
		}
	}
	Animation anim-lo_wing_r2 {
		{frm-lo_wing_r2}
		SI_AnimationKey {
			2;
			2;
			0;3;0.000000,1.374786,-0.000000;;,
			29;3;0.000000,1.374786,0.000000;;;
		}
		SI_AnimationKey {
			0;
			2;
			0;4;0.745715,-0.167098,-0.629214,0.141697;;,
			29;4;0.433317,-0.244838,-0.776316,0.386813;;;
		}
	}
	Animation anim-hi_wing_l1 {
		{frm-hi_wing_l1}
		SI_AnimationKey {
			2;
			2;
			0;3;1.172048,1.881975,1.553229;;,
			29;3;0.894948,2.513780,1.235993;;;
		}
		SI_AnimationKey {
			0;
			2;
			0;4;0.743372,0.661089,0.040142,0.093535;;,
			29;4;0.724476,0.509332,-0.193224,0.422349;;;
		}
	}
	Animation anim-hi_wing_l2 {
		{frm-hi_wing_l2}
		SI_AnimationKey {
			2;
			2;
			0;3;-0.000000,2.643755,0.000000;;,
			29;3;-0.000000,2.643756,0.000000;;;
		}
		SI_AnimationKey {
			0;
			2;
			0;4;0.886473,0.040415,0.437306,-0.145927;;,
			29;4;0.939013,0.277572,0.200333,-0.032805;;;
		}
	}
	Animation anim-lo_wing_l1 {
		{frm-lo_wing_l1}
		SI_AnimationKey {
			2;
			2;
			0;3;2.669475,1.474065,-1.914121;;,
			29;3;2.383111,1.780895,-1.914121;;;
		}
		SI_AnimationKey {
			0;
			2;
			0;4;0.704178,0.702892,-0.018530,0.098649;;,
			29;4;0.691469,0.655938,0.184981,-0.239577;;;
		}
	}
	Animation anim-lo_wing_l2 {
		{frm-lo_wing_l2}
		SI_AnimationKey {
			2;
			2;
			0;3;-0.000000,1.374786,0.000000;;,
			29;3;-0.000000,1.374786,-0.000000;;;
		}
		SI_AnimationKey {
			0;
			2;
			0;4;0.745715,0.167098,-0.629214,-0.141697;;,
			29;4;0.838157,0.421623,-0.296519,-0.178335;;;
		}
	}
	Animation anim-ham_r {
		{frm-ham_r}
		SI_AnimationKey {
			2;
			2;
			0;3;-0.202939,2.857805,-3.271401;;,
			29;3;-0.202940,3.168838,-2.615604;;;
		}
		SI_AnimationKey {
			0;
			2;
			0;4;0.438096,0.896748,-0.056220,-0.027473;;,
			29;4;0.741879,0.604281,0.066779,-0.282845;;;
		}
	}
	Animation anim-ham_l {
		{frm-ham_l}
		SI_AnimationKey {
			2;
			2;
			0;3;0.202949,2.857805,-3.271400;;,
			29;3;0.202948,3.168837,-2.615603;;;
		}
		SI_AnimationKey {
			0;
			2;
			0;4;0.438095,0.896748,0.056227,0.027462;;,
			29;4;0.741880,0.604284,-0.066767,0.282838;;;
		}
	}
}

SI_EnvelopeList {
	15;
	SI_Envelope {
		"frm-body";
		"frm-can1";
		21;
		8;0.000313;,
		19;40.000001;,
		20;40.000001;,
		39;0.000103;,
		68;100.000000;,
		69;100.000000;,
		108;0.000888;,
		115;0.073530;,
		125;40.000001;,
		126;40.000001;,
		127;40.000001;,
		128;40.000001;,
		149;0.007780;,
		180;100.000000;,
		181;100.000000;,
		182;100.000000;,
		183;100.000000;,
		208;0.000313;,
		210;0.000103;,
		221;0.000888;,
		223;0.007780;;
	}
	SI_Envelope {
		"frm-body";
		"frm-hi_wing_r1";
		31;
		8;0.000313;,
		39;0.000103;,
		71;32.261860;,
		72;5.005575;,
		73;4.744967;,
		74;49.998868;,
		75;49.990511;,
		76;50.000000;,
		77;100.000000;,
		78;99.720293;,
		79;100.000000;,
		80;100.000000;,
		81;99.556750;,
		82;99.989295;,
		83;99.988222;,
		84;99.903578;,
		85;50.000042;,
		86;49.502853;,
		87;57.014513;,
		88;50.000000;,
		89;0.000006;,
		90;0.019138;,
		91;0.677443;,
		93;0.000006;,
		108;0.000888;,
		115;0.073530;,
		149;0.007780;,
		208;0.000313;,
		210;0.000103;,
		221;0.000888;,
		223;0.007780;;
	}
	SI_Envelope {
		"frm-body";
		"frm-cannonbone";
		31;
		1;40.951973;,
		8;0.000313;,
		11;56.386560;,
		12;100.000000;,
		13;100.000000;,
		14;5.578232;,
		18;22.454640;,
		19;60.000002;,
		20;59.999996;,
		39;0.000103;,
		95;40.952381;,
		96;40.952381;,
		108;0.000888;,
		112;59.047621;,
		113;59.047616;,
		115;98.823518;,
		116;99.999207;,
		117;100.000000;,
		118;100.000000;,
		119;5.578233;,
		123;22.455046;,
		124;31.426871;,
		125;59.996200;,
		126;59.999323;,
		127;60.000002;,
		128;60.000002;,
		149;0.007780;,
		208;0.000313;,
		210;0.000103;,
		221;0.000888;,
		223;0.007780;;
	}
	SI_Envelope {
		"frm-body";
		"frm-gun1";
		10;
		8;0.000313;,
		39;0.000103;,
		67;67.499715;,
		108;0.000888;,
		115;0.073530;,
		149;0.007780;,
		208;0.000313;,
		210;0.000103;,
		221;0.000888;,
		223;0.007780;;
	}
	SI_Envelope {
		"frm-body";
		"frm-hi_wing_r2";
		18;
		8;0.000313;,
		39;0.000103;,
		85;49.999937;,
		86;50.000000;,
		87;42.980599;,
		88;50.000000;,
		89;100.000000;,
		90;99.980730;,
		91;99.322557;,
		92;100.000000;,
		93;100.000000;,
		108;0.000888;,
		115;0.073530;,
		149;0.007780;,
		208;0.000313;,
		210;0.000103;,
		221;0.000888;,
		223;0.007780;;
	}
	SI_Envelope {
		"frm-body";
		"frm-ham_l";
		26;
		8;0.000313;,
		10;0.015773;,
		39;0.000103;,
		94;0.773562;,
		97;0.897764;,
		108;0.000888;,
		111;0.775986;,
		114;0.898136;,
		136;74.836671;,
		137;75.000000;,
		138;75.000000;,
		139;74.999511;,
		140;100.000000;,
		141;100.000000;,
		142;100.000000;,
		143;100.000000;,
		144;100.000000;,
		145;99.998188;,
		146;99.999958;,
		147;99.997312;,
		148;100.000000;,
		149;0.007780;,
		208;0.000313;,
		210;0.000103;,
		221;0.000888;,
		223;0.007780;;
	}
	SI_Envelope {
		"frm-body";
		"frm-hi_wing_l2";
		18;
		8;0.000313;,
		39;0.000103;,
		108;0.000888;,
		115;0.073530;,
		149;0.007780;,
		199;49.999368;,
		200;50.000000;,
		201;50.000000;,
		202;50.000000;,
		203;99.999952;,
		204;99.999130;,
		205;100.000000;,
		206;100.000000;,
		207;100.000000;,
		208;0.000313;,
		210;0.000103;,
		221;0.000888;,
		223;0.007780;;
	}
	SI_Envelope {
		"frm-body";
		"frm-hi_wing_l1";
		29;
		8;0.000313;,
		39;0.000103;,
		108;0.000888;,
		115;0.073530;,
		149;0.007780;,
		185;48.868755;,
		186;5.000000;,
		187;3.928572;,
		188;50.000000;,
		189;49.997330;,
		190;49.836844;,
		191;100.000000;,
		192;100.000000;,
		193;100.000000;,
		194;100.000000;,
		195;100.000000;,
		196;100.000000;,
		197;100.000000;,
		198;95.803374;,
		199;50.000632;,
		200;49.995825;,
		201;50.000000;,
		202;50.000006;,
		203;0.000048;,
		204;0.000870;,
		208;0.000313;,
		210;0.000103;,
		221;0.000888;,
		223;0.007780;;
	}
	SI_Envelope {
		"frm-body";
		"frm-lo_wing_r1";
		30;
		8;99.994671;,
		23;99.500203;,
		39;99.998254;,
		40;99.466807;,
		41;95.000261;,
		42;95.000499;,
		43;89.999998;,
		44;90.000004;,
		45;5.000001;,
		46;5.000007;,
		47;15.000223;,
		48;15.004295;,
		70;60.000002;,
		108;0.000888;,
		115;0.073530;,
		149;0.000000;,
		208;99.994671;,
		209;99.500126;,
		210;99.998254;,
		211;99.466807;,
		212;95.000261;,
		213;95.000160;,
		214;90.000004;,
		215;90.000004;,
		216;5.000001;,
		217;5.000003;,
		218;15.000224;,
		219;15.004295;,
		221;0.000888;,
		223;0.000000;;
	}
	SI_Envelope {
		"frm-body";
		"frm-lo_wing_r2";
		27;
		8;0.000313;,
		39;0.000103;,
		41;4.999740;,
		42;4.999492;,
		43;10.000000;,
		44;9.999999;,
		45;94.999999;,
		46;94.999999;,
		47;84.999776;,
		48;84.995705;,
		49;100.000000;,
		108;0.000888;,
		115;0.073530;,
		149;0.007780;,
		208;0.000313;,
		210;0.000103;,
		212;4.999740;,
		213;4.999492;,
		214;10.000000;,
		215;9.999999;,
		216;94.999999;,
		217;94.999999;,
		218;84.999776;,
		219;84.995705;,
		220;100.000000;,
		221;0.000888;,
		223;0.007780;;
	}
	SI_Envelope {
		"frm-body";
		"frm-ham_r";
		25;
		0;0.765402;,
		8;0.000313;,
		10;0.774150;,
		26;75.000000;,
		27;74.910873;,
		28;74.999917;,
		29;74.999321;,
		30;100.000000;,
		31;100.000000;,
		32;100.000000;,
		33;100.000000;,
		34;100.000000;,
		35;100.000000;,
		36;99.755335;,
		37;100.000000;,
		38;99.999833;,
		39;0.000103;,
		97;0.768233;,
		108;0.000888;,
		114;0.766730;,
		149;0.007780;,
		208;0.000313;,
		210;0.000103;,
		221;0.000888;,
		223;0.007780;;
	}
	SI_Envelope {
		"frm-body";
		"frm-headbone";
		73;
		0;86.904758;,
		2;20.000000;,
		6;22.857147;,
		7;21.428572;,
		8;0.000313;,
		9;15.238100;,
		10;86.896819;,
		14;60.952383;,
		18;63.749051;,
		22;17.142862;,
		24;15.238100;,
		25;10.000000;,
		26;24.999169;,
		27;25.088346;,
		28;25.000045;,
		29;25.000679;,
		36;0.244665;,
		38;0.000167;,
		39;0.000103;,
		50;30.476195;,
		51;19.047624;,
		52;23.809522;,
		55;10.000000;,
		56;10.000000;,
		57;10.000000;,
		62;10.000000;,
		63;10.000000;,
		67;10.000000;,
		73;21.428572;,
		94;86.904645;,
		97;86.904430;,
		98;20.000000;,
		100;44.761908;,
		106;22.857147;,
		107;21.428572;,
		108;0.000888;,
		109;15.238100;,
		110;19.047624;,
		111;86.871588;,
		114;86.881107;,
		115;0.073530;,
		119;60.952383;,
		123;63.729244;,
		124;56.361371;,
		130;15.238100;,
		131;17.142862;,
		133;15.238100;,
		134;20.000005;,
		135;10.000000;,
		136;25.162494;,
		137;24.999240;,
		138;24.999955;,
		139;25.000489;,
		144;0.000006;,
		145;0.001812;,
		146;0.000042;,
		147;0.002688;,
		149;0.007780;,
		160;30.476195;,
		161;19.047624;,
		162;23.809522;,
		163;6.109697;,
		167;10.000000;,
		168;10.000000;,
		169;10.000000;,
		174;10.000000;,
		175;10.000000;,
		179;10.000000;,
		187;21.428572;,
		208;0.000313;,
		210;0.000103;,
		221;0.000888;,
		223;0.007780;;
	}
	SI_Envelope {
		"frm-body";
		"frm-lo_wing_l2";
		27;
		8;0.000313;,
		39;0.000103;,
		108;0.000888;,
		115;0.073530;,
		149;0.007780;,
		151;5.000000;,
		152;5.023840;,
		153;9.999974;,
		154;9.999999;,
		155;85.000002;,
		156;85.000002;,
		157;94.999999;,
		158;94.999999;,
		159;100.000000;,
		208;0.000313;,
		210;0.000103;,
		221;0.000888;,
		223;0.007780;,
		225;5.000000;,
		226;5.023840;,
		227;9.999974;,
		228;9.999999;,
		229;85.000002;,
		230;85.000002;,
		231;94.999999;,
		232;94.999999;,
		233;100.000000;;
	}
	SI_Envelope {
		"frm-body";
		"frm-lo_wing_l1";
		30;
		8;0.000313;,
		39;0.000103;,
		108;99.984908;,
		115;0.073530;,
		132;98.769414;,
		149;99.875528;,
		150;97.281772;,
		151;94.999993;,
		152;94.976163;,
		153;90.000015;,
		154;89.999992;,
		155;14.999996;,
		156;14.999996;,
		157;4.999985;,
		158;5.000006;,
		184;60.000002;,
		208;0.000313;,
		210;0.000103;,
		221;99.984908;,
		222;98.769414;,
		223;99.875528;,
		224;97.281772;,
		225;94.999993;,
		226;94.976157;,
		227;90.000027;,
		228;89.999992;,
		229;14.999996;,
		230;14.999478;,
		231;5.000007;,
		232;5.000006;;
	}
	SI_Envelope {
		"frm-body";
		"frm-gun2";
		10;
		8;0.000313;,
		39;0.000103;,
		108;0.000888;,
		115;0.073530;,
		149;0.007780;,
		179;67.500073;,
		208;0.000313;,
		210;0.000103;,
		221;0.000888;,
		223;0.007780;;
	}
}
