xsi 0101txt 0032

SI_CoordinateSystem coord {
	1;
	0;
	1;
	0;
	2;
	5;
}

Frame frm-hp_eyepoint {
	FrameTransformMatrix {
		1.000000,0.000002,0.000000,0.000000,
		-0.000002,1.000000,-0.000001,0.000000,
		-0.000000,0.000001,1.000000,0.000000,
		-2.904388,4.470848,-1.065010,1.000000;;
	}
		Frame frm-handle {
			FrameTransformMatrix {
				-0.996275,0.076568,-0.039660,0.000000,
				-0.043700,-0.051828,0.997699,0.000000,
				0.074336,0.995716,0.054981,0.000000,
				-0.711481,-2.597441,3.304938,1.000000;;
			}
				Frame frm-sock1 {
					FrameTransformMatrix {
						-0.960663,-0.062683,0.270551,0.000000,
						-0.039655,0.995174,0.089763,0.000000,
						-0.274872,0.075504,-0.958512,0.000000,
						-0.350035,-1.615043,0.918082,1.000000;;
					}
						Frame frm-bar1 {
							FrameTransformMatrix {
								1.000000,0.000001,0.000001,0.000000,
								-0.000001,1.000000,0.000005,0.000000,
								-0.000001,-0.000005,1.000000,0.000000,
								0.000000,-0.000000,-0.000000,1.000000;;
							}
								Frame frm-sock2 {
									FrameTransformMatrix {
										-0.837358,0.000001,0.546654,0.000000,
										-0.000002,1.000000,-0.000005,0.000000,
										-0.546654,-0.000005,-0.837358,0.000000,
										0.009853,0.000004,0.719405,1.000000;;
									}
										Frame frm-bar2 {
											FrameTransformMatrix {
												1.000000,0.000001,0.000001,0.000000,
												-0.000001,1.000000,0.000005,0.000000,
												-0.000001,-0.000005,1.000000,0.000000,
												-0.000000,-0.000000,0.000000,1.000000;;
											}
												Frame frm-sock3 {
													FrameTransformMatrix {
														-0.664397,-0.000004,-0.747380,0.000000,
														-0.000005,1.000000,-0.000001,0.000000,
														0.747380,0.000004,-0.664397,0.000000,
														0.000001,0.000003,0.656790,1.000000;;
													}
														Frame frm-bar3 {
															FrameTransformMatrix {
																0.999794,0.000001,-0.020290,0.000000,
																-0.000001,1.000000,0.000005,0.000000,
																0.020290,-0.000005,0.999794,0.000000,
																-0.000000,-0.000000,-0.000000,1.000000;;
															}
																Frame frm-scope_main {
																	FrameTransformMatrix {
																		-0.050317,0.000000,0.998733,0.000000,
																		0.368456,0.929460,0.018563,0.000000,
																		-0.928282,0.368924,-0.046767,0.000000,
																		0.000465,-0.004151,0.358784,1.000000;;
																	}
																		Frame frm-scope_ext {
																			FrameTransformMatrix {
																				1.000000,0.000000,-0.000000,0.000000,
																				0.000000,1.000000,0.000000,0.000000,
																				0.000000,-0.000000,1.000000,0.000000,
																				0.271451,0.292039,0.030688,1.000000;;
																			}
																				Frame frm-crthold_1 {
																					FrameTransformMatrix {
																						1.000000,-0.000000,-0.000000,0.000000,
																						-0.000000,1.000000,-0.000000,0.000000,
																						-0.000000,-0.000000,1.000000,0.000000,
																						-0.117885,-0.754869,0.132064,1.000000;;
																					}
																						Frame frm-curtain_1 {
																							FrameTransformMatrix {
																								1.000000,0.000000,-0.000000,0.000000,
																								-0.000000,1.000000,-0.000000,0.000000,
																								-0.000000,-0.000000,1.000000,0.000000,
																								-0.000000,-0.000000,0.000000,1.000000;;
																							}
																						}
																				}
																				Frame frm-crthold_2 {
																					FrameTransformMatrix {
																						1.000000,-0.000000,-0.000000,0.000000,
																						-0.000000,1.000000,-0.000000,0.000000,
																						-0.000000,-0.000000,1.000000,0.000000,
																						0.117884,-0.754869,-0.132064,1.000000;;
																					}
																						Frame frm-curtain_2 {
																							FrameTransformMatrix {
																								1.000000,-0.000000,0.000000,0.000000,
																								0.000000,1.000000,0.000000,0.000000,
																								0.000000,-0.000000,1.000000,0.000000,
																								0.000000,0.000000,0.000000,1.000000;;
																							}
																						}
																				}
																				Frame frm-lens__h {
																					FrameTransformMatrix {
																						1.000000,-0.000000,-0.000000,0.000000,
																						0.000000,1.000000,-0.000000,0.000000,
																						-0.000000,-0.000000,1.000000,0.000000,
																						-0.000000,0.000000,0.000000,1.000000;;
																					}
																				}
																		}
																}
														}
												}
										}
								}
						}
				}
		}
}

AnimationSet {
	Animation anim-handle {
		{frm-handle}
		SI_AnimationKey {
			2;
			5;
			0;3;-0.711481,-2.597441,3.304938;;,
			8;3;-0.711481,-2.597441,3.304938;;,
			15;3;-0.711481,-2.597441,3.304938;;,
			23;3;-0.711481,-2.597441,3.304938;;,
			31;3;-0.711481,-2.597441,3.304938;;;
		}
		SI_AnimationKey {
			0;
			5;
			0;4;0.041466,-0.011956,-0.687289,-0.725101;;,
			8;4;0.035050,-0.018628,-0.678794,-0.733255;;,
			15;4;0.041466,-0.011956,-0.687289,-0.725101;;,
			23;4;0.048992,-0.004342,-0.681398,-0.730259;;,
			31;4;0.041466,-0.011956,-0.687289,-0.725101;;;
		}
	}
	Animation anim-scope_main {
		{frm-scope_main}
		SI_AnimationKey {
			2;
			3;
			0;3;0.000464,-0.004151,0.358784;;,
			6;3;0.000464,-0.004151,0.358784;;,
			31;3;0.000464,-0.004151,0.358784;;;
		}
		SI_AnimationKey {
			0;
			3;
			0;4;0.676826,0.129413,0.711784,0.136097;;,
			6;4;0.676826,0.129413,0.711784,0.136097;;,
			31;4;0.676826,0.129413,0.711784,0.136097;;;
		}
	}
	Animation anim-scope_ext {
		{frm-scope_ext}
		SI_AnimationKey {
			2;
			3;
			0;3;0.271451,0.292039,0.030688;;,
			15;3;0.271451,0.292039,0.030688;;,
			31;3;0.271451,0.292039,0.030688;;;
		}
	}
}
