[solid]
diffuse = 0.454902  0.454902  0.454902  1.000000
specular = 1.000000  1.000000  1.000000  1.000000
specularPower = 24.251465
emissive = 0.000000  0.000000  0.000000  1.000000
ambient = 0.454902  0.454902  0.454902  1.000000
