xsi 0101txt 0032

SI_CoordinateSystem coord {
	1;
	0;
	1;
	0;
	2;
	5;
}

Frame frm-hp_bones {
	FrameTransformMatrix {
		1.000000,0.000002,0.000000,0.000000,
		-0.000002,1.000000,-0.000001,0.000000,
		-0.000000,0.000001,1.000000,0.000000,
		0.000000,0.000000,0.000000,1.000000;;
	}
		Frame frm-bodymesh {
			FrameTransformMatrix {
				1.000000,0.000000,0.000000,0.000000,
				0.000000,1.000000,0.000000,0.000000,
				0.000000,0.000000,1.000000,0.000000,
				0.000001,4.815176,-0.606131,1.000000;;
			}
				Frame frm-headmesh {
					FrameTransformMatrix {
						1.000000,0.000000,0.000000,0.000000,
						0.000000,1.000000,-0.000000,0.000000,
						0.000000,0.000000,1.000000,0.000000,
						0.000002,1.363866,0.270096,1.000000;;
					}
						Frame frm-cockpit {
							FrameTransformMatrix {
								1.000000,-0.000000,-0.000000,0.000000,
								0.000000,1.000000,0.000001,0.000000,
								0.000000,-0.000001,1.000000,0.000000,
								0.000012,3.487686,2.494526,1.000000;;
							}
						}
						Frame frm-mortar {
							FrameTransformMatrix {
								1.000000,-0.000000,-0.000000,0.000000,
								0.000000,1.000000,0.000000,0.000000,
								0.000000,-0.000000,1.000000,0.000000,
								0.000778,0.785871,7.571625,1.000000;;
							}
						}
				}
				Frame frm-hp_com {
					FrameTransformMatrix {
						-0.544605,-0.000000,-0.000001,0.000000,
						-0.000001,0.000000,0.544605,0.000000,
						-0.000000,0.544605,-0.000000,0.000000,
						-0.000000,-0.574444,0.182503,1.000000;;
					}
				}
		}
		Frame frm-body {
			FrameTransformMatrix {
				1.000000,-0.000000,-0.000000,0.000000,
				0.000000,1.000000,-0.000001,0.000000,
				0.000000,0.000001,1.000000,0.000000,
				0.000001,4.240731,-0.423628,1.000000;;
			}
			SI_FrameBasePoseMatrix {
				1.000000,-0.000000,-0.000000,0.000000,
				0.000000,1.000000,-0.000001,0.000000,
				0.000000,0.000001,1.000000,0.000000,
				0.000001,4.240731,-0.423628,1.000000;;
			}
				Frame frm-headroot {
					FrameTransformMatrix {
						1.000000,0.000000,-0.000000,0.000000,
						0.000000,1.000000,0.000000,0.000000,
						0.000000,0.000000,1.000000,0.000000,
						0.000002,0.938310,0.087595,1.000000;;
					}
					SI_FrameBasePoseMatrix {
						1.000000,0.000000,-0.000000,0.000000,
						0.000000,1.000000,0.000000,0.000000,
						0.000000,0.000000,1.000000,0.000000,
						0.000002,0.938310,0.087595,1.000000;;
					}
						Frame frm-head {
							FrameTransformMatrix {
								1.000000,0.000000,0.000000,0.000000,
								-0.000000,1.000000,0.000000,0.000000,
								-0.000000,-0.000000,1.000000,0.000000,
								0.000000,1.199864,0.000000,1.000000;;
							}
							SI_FrameBasePoseMatrix {
								1.000000,0.000000,0.000000,0.000000,
								-0.000000,1.000000,0.000000,0.000000,
								-0.000000,-0.000000,1.000000,0.000000,
								0.000000,1.199864,0.000000,1.000000;;
							}
								Frame frm-hp_eyepoint {
									FrameTransformMatrix {
										1.000000,-0.000000,-0.000000,0.000000,
										0.000000,1.000000,0.000000,0.000000,
										0.000000,-0.000000,1.000000,0.000000,
										0.000012,3.287820,2.494529,1.000000;;
									}
									SI_FrameBasePoseMatrix {
										1.000000,-0.000000,-0.000000,0.000000,
										0.000000,1.000000,0.000000,0.000000,
										0.000000,-0.000000,1.000000,0.000000,
										0.000012,3.287820,2.494529,1.000000;;
									}
								}
								Frame frm-mortar {
									FrameTransformMatrix {
										1.000000,0.000002,0.000002,0.000000,
										-0.000002,0.000000,1.000000,0.000000,
										0.000002,-1.000000,0.000000,0.000000,
										0.000017,0.819417,7.705483,1.000000;;
									}
									SI_FrameBasePoseMatrix {
										1.000000,0.000002,0.000002,0.000000,
										-0.000002,0.000000,1.000000,0.000000,
										0.000002,-1.000000,0.000000,0.000000,
										0.000017,0.819417,7.705483,1.000000;;
									}
										Frame frm-hp_mortar_1 {
											FrameTransformMatrix {
												1.000000,-0.000002,0.000002,0.000000,
												0.000002,-0.000001,-1.000000,0.000000,
												0.000002,1.000000,-0.000001,0.000000,
												0.000000,1.000000,-0.000001,1.000000;;
											}
											SI_FrameBasePoseMatrix {
												1.000000,-0.000002,0.000002,0.000000,
												0.000002,-0.000001,-1.000000,0.000000,
												0.000002,1.000000,-0.000001,0.000000,
												0.000000,1.000000,-0.000001,1.000000;;
											}
												Frame frm-hp_gun_1 {
													FrameTransformMatrix {
														1.000000,0.000000,0.000000,0.000000,
														0.000000,1.000000,0.000001,0.000000,
														-0.000000,-0.000001,1.000000,0.000000,
														1.000641,-0.079748,1.044784,1.000000;;
													}
													SI_FrameBasePoseMatrix {
														1.000000,0.000000,0.000000,0.000000,
														0.000000,1.000000,0.000001,0.000000,
														-0.000000,-0.000001,1.000000,0.000000,
														1.000641,-0.079748,1.044784,1.000000;;
													}
												}
												Frame frm-hp_gun_2 {
													FrameTransformMatrix {
														1.000000,0.000000,0.000000,0.000000,
														0.000000,1.000000,0.000001,0.000000,
														-0.000000,-0.000001,1.000000,0.000000,
														-1.000733,-0.079748,1.044780,1.000000;;
													}
													SI_FrameBasePoseMatrix {
														1.000000,0.000000,0.000000,0.000000,
														0.000000,1.000000,0.000001,0.000000,
														-0.000000,-0.000001,1.000000,0.000000,
														-1.000733,-0.079748,1.044780,1.000000;;
													}
												}
												Frame frm-hp_gun_3 {
													FrameTransformMatrix {
														1.000000,0.000000,0.000000,0.000000,
														-0.000000,1.000000,0.000001,0.000000,
														-0.000000,-0.000001,1.000000,0.000000,
														-0.000001,-1.080387,1.044783,1.000000;;
													}
													SI_FrameBasePoseMatrix {
														1.000000,0.000000,0.000000,0.000000,
														-0.000000,1.000000,0.000001,0.000000,
														-0.000000,-0.000001,1.000000,0.000000,
														-0.000001,-1.080387,1.044783,1.000000;;
													}
												}
										}
								}
						}
				}
				Frame frm-hp_smoke {
					FrameTransformMatrix {
						1.000000,-0.000002,0.000001,0.000000,
						0.000001,0.314951,-0.949108,0.000000,
						0.000001,0.949108,0.314951,0.000000,
						0.000000,-1.793630,-2.864609,1.000000;;
					}
					SI_FrameBasePoseMatrix {
						1.000000,-0.000002,0.000001,0.000000,
						0.000001,0.314951,-0.949108,0.000000,
						0.000001,0.949108,0.314951,0.000000,
						0.000000,-1.793630,-2.864609,1.000000;;
					}
				}
		}
		Frame frm-bleg_1_r {
			FrameTransformMatrix {
				-0.774097,0.323284,0.544298,0.000000,
				-0.632815,-0.370907,-0.679686,0.000000,
				-0.017847,-0.870583,0.491698,0.000000,
				-3.992540,4.577705,-3.297573,1.000000;;
			}
			SI_FrameBasePoseMatrix {
				-0.774097,0.323284,0.544298,0.000000,
				-0.632815,-0.370907,-0.679686,0.000000,
				-0.017847,-0.870583,0.491698,0.000000,
				-3.992540,4.577705,-3.297573,1.000000;;
			}
				Frame frm-bleg_2_r {
					FrameTransformMatrix {
						-0.505243,0.545726,-0.668515,0.000000,
						-0.290780,0.621704,0.727276,0.000000,
						0.812512,0.561842,-0.155426,0.000000,
						0.000000,1.583865,-0.000000,1.000000;;
					}
					SI_FrameBasePoseMatrix {
						-0.505243,0.545726,-0.668515,0.000000,
						-0.290780,0.621704,0.727276,0.000000,
						0.812512,0.561842,-0.155426,0.000000,
						0.000000,1.583865,-0.000000,1.000000;;
					}
				}
		}
		Frame frm-bfoot_r {
			FrameTransformMatrix {
				-0.716399,-0.063961,-0.694738,0.000000,
				0.087948,-0.996125,0.001017,0.000000,
				-0.692118,-0.060373,0.719255,0.000000,
				-5.388891,1.908686,-4.859274,1.000000;;
			}
			SI_FrameBasePoseMatrix {
				-0.716399,-0.063961,-0.694738,0.000000,
				0.087948,-0.996125,0.001017,0.000000,
				-0.692118,-0.060373,0.719255,0.000000,
				-5.388891,1.908686,-4.859274,1.000000;;
			}
				Frame frm-btoe_1_r {
					FrameTransformMatrix {
						0.073102,0.997006,0.025224,0.000000,
						0.994147,-0.070829,-0.081588,0.000000,
						-0.079557,0.031041,-0.996347,0.000000,
						0.000000,1.953722,-0.000000,1.000000;;
					}
					SI_FrameBasePoseMatrix {
						0.073102,0.997006,0.025224,0.000000,
						0.994147,-0.070829,-0.081588,0.000000,
						-0.079557,0.031041,-0.996347,0.000000,
						0.000000,1.953722,-0.000000,1.000000;;
					}
				}
				Frame frm-btoe_2_r {
					FrameTransformMatrix {
						-0.077398,-0.994017,-0.077065,0.000000,
						-0.346784,-0.045630,0.936834,0.000000,
						-0.934746,0.099234,-0.341177,0.000000,
						0.000000,1.953722,-0.000000,1.000000;;
					}
					SI_FrameBasePoseMatrix {
						-0.077398,-0.994017,-0.077065,0.000000,
						-0.346784,-0.045630,0.936834,0.000000,
						-0.934746,0.099234,-0.341177,0.000000,
						0.000000,1.953722,-0.000000,1.000000;;
					}
				}
				Frame frm-btoe_3_r {
					FrameTransformMatrix {
						-0.317791,-0.926448,0.201749,0.000000,
						-0.682236,0.075660,-0.727207,0.000000,
						0.658455,-0.368741,-0.656100,0.000000,
						0.000000,1.953722,-0.000000,1.000000;;
					}
					SI_FrameBasePoseMatrix {
						-0.317791,-0.926448,0.201749,0.000000,
						-0.682236,0.075660,-0.727207,0.000000,
						0.658455,-0.368741,-0.656100,0.000000,
						0.000000,1.953722,-0.000000,1.000000;;
					}
				}
		}
		Frame frm-fleg_1_l {
			FrameTransformMatrix {
				-0.034964,-0.797424,-0.602405,0.000000,
				0.650609,-0.475710,0.591952,0.000000,
				-0.758608,-0.371233,0.535444,0.000000,
				3.414836,4.589534,2.493848,1.000000;;
			}
			SI_FrameBasePoseMatrix {
				-0.034964,-0.797424,-0.602405,0.000000,
				0.650609,-0.475710,0.591952,0.000000,
				-0.758608,-0.371233,0.535444,0.000000,
				3.414836,4.589534,2.493848,1.000000;;
			}
				Frame frm-fleg_2_l {
					FrameTransformMatrix {
						0.672935,-0.453043,-0.584731,0.000000,
						0.676936,0.695844,0.239916,0.000000,
						0.298189,-0.557273,0.774939,0.000000,
						-0.000000,1.650585,0.000000,1.000000;;
					}
					SI_FrameBasePoseMatrix {
						0.672935,-0.453043,-0.584731,0.000000,
						0.676936,0.695844,0.239916,0.000000,
						0.298189,-0.557273,0.774939,0.000000,
						-0.000000,1.650585,0.000000,1.000000;;
					}
				}
		}
		Frame frm-ffoot_l {
			FrameTransformMatrix {
				-0.718100,0.039993,-0.694706,0.000000,
				-0.071971,-0.997262,0.016991,0.000000,
				-0.692182,0.062203,0.719033,0.000000,
				5.024009,1.724539,3.758172,1.000000;;
			}
			SI_FrameBasePoseMatrix {
				-0.718100,0.039993,-0.694706,0.000000,
				-0.071971,-0.997262,0.016991,0.000000,
				-0.692182,0.062203,0.719033,0.000000,
				5.024009,1.724539,3.758172,1.000000;;
			}
				Frame frm-ftoe_1_l {
					FrameTransformMatrix {
						-0.051352,0.995998,-0.073150,0.000000,
						-0.997915,-0.054043,-0.035294,0.000000,
						-0.039106,0.071185,0.996696,0.000000,
						-0.000000,1.766833,0.000000,1.000000;;
					}
					SI_FrameBasePoseMatrix {
						-0.051352,0.995998,-0.073150,0.000000,
						-0.997915,-0.054043,-0.035294,0.000000,
						-0.039106,0.071185,0.996696,0.000000,
						-0.000000,1.766833,0.000000,1.000000;;
					}
				}
				Frame frm-ftoe_2_l {
					FrameTransformMatrix {
						0.031119,-0.998072,0.053698,0.000000,
						0.433510,0.061886,0.899021,0.000000,
						-0.900611,-0.004698,0.434600,0.000000,
						-0.000000,1.766833,0.000000,1.000000;;
					}
					SI_FrameBasePoseMatrix {
						0.031119,-0.998072,0.053698,0.000000,
						0.433510,0.061886,0.899021,0.000000,
						-0.900611,-0.004698,0.434600,0.000000,
						-0.000000,1.766833,0.000000,1.000000;;
					}
				}
				Frame frm-ftoe_3_l {
					FrameTransformMatrix {
						-0.103380,0.986980,-0.123216,0.000000,
						0.593664,-0.038166,-0.803808,0.000000,
						-0.798045,-0.156247,-0.581989,0.000000,
						-0.000000,1.766833,0.000000,1.000000;;
					}
					SI_FrameBasePoseMatrix {
						-0.103380,0.986980,-0.123216,0.000000,
						0.593664,-0.038166,-0.803808,0.000000,
						-0.798045,-0.156247,-0.581989,0.000000,
						-0.000000,1.766833,0.000000,1.000000;;
					}
				}
		}
		Frame frm-bleg_1_l {
			FrameTransformMatrix {
				0.774096,0.282820,0.566382,0.000000,
				0.632817,-0.370907,-0.679684,0.000000,
				0.017847,0.884557,-0.466091,0.000000,
				3.992550,4.577705,-3.297561,1.000000;;
			}
			SI_FrameBasePoseMatrix {
				0.774096,0.282820,0.566382,0.000000,
				0.632817,-0.370907,-0.679684,0.000000,
				0.017847,0.884557,-0.466091,0.000000,
				3.992550,4.577705,-3.297561,1.000000;;
			}
				Frame frm-bleg_2_l {
					FrameTransformMatrix {
						0.437602,-0.607777,-0.662655,0.000000,
						-0.256954,0.621704,-0.739904,0.000000,
						0.861673,0.494055,0.115888,0.000000,
						-0.000000,1.583865,-0.000000,1.000000;;
					}
					SI_FrameBasePoseMatrix {
						0.437602,-0.607777,-0.662655,0.000000,
						-0.256954,0.621704,-0.739904,0.000000,
						0.861673,0.494055,0.115888,0.000000,
						-0.000000,1.583865,-0.000000,1.000000;;
					}
				}
		}
		Frame frm-bfoot_l {
			FrameTransformMatrix {
				-0.716379,0.062544,-0.694843,0.000000,
				-0.087948,-0.996124,0.001017,0.000000,
				-0.692116,0.061841,0.719132,0.000000,
				5.388906,1.908686,-4.859258,1.000000;;
			}
			SI_FrameBasePoseMatrix {
				-0.716379,0.062544,-0.694843,0.000000,
				-0.087948,-0.996124,0.001017,0.000000,
				-0.692116,0.061841,0.719132,0.000000,
				5.388906,1.908686,-4.859258,1.000000;;
			}
				Frame frm-btoe_1_l {
					FrameTransformMatrix {
						-0.075254,0.994396,-0.074251,0.000000,
						0.047183,-0.070828,-0.996372,0.000000,
						-0.996048,-0.078485,-0.041588,0.000000,
						-0.000000,1.953722,0.000000,1.000000;;
					}
					SI_FrameBasePoseMatrix {
						-0.075254,0.994396,-0.074251,0.000000,
						0.047183,-0.070828,-0.996372,0.000000,
						-0.996048,-0.078485,-0.041588,0.000000,
						-0.000000,1.953722,0.000000,1.000000;;
					}
				}
				Frame frm-btoe_2_l {
					FrameTransformMatrix {
						0.062171,-0.997568,0.031519,0.000000,
						-0.924295,-0.045632,0.378939,0.000000,
						-0.376579,-0.052692,-0.924885,0.000000,
						-0.000000,1.953722,0.000000,1.000000;;
					}
					SI_FrameBasePoseMatrix {
						0.062171,-0.997568,0.031519,0.000000,
						-0.924295,-0.045632,0.378939,0.000000,
						-0.376579,-0.052692,-0.924885,0.000000,
						-0.000000,1.953722,0.000000,1.000000;;
					}
				}
				Frame frm-btoe_3_l {
					FrameTransformMatrix {
						0.021018,0.990195,-0.138105,0.000000,
						0.750369,0.075660,0.656675,0.000000,
						0.660685,-0.117432,-0.741421,0.000000,
						-0.000000,1.953722,0.000000,1.000000;;
					}
					SI_FrameBasePoseMatrix {
						0.021018,0.990195,-0.138105,0.000000,
						0.750369,0.075660,0.656675,0.000000,
						0.660685,-0.117432,-0.741421,0.000000,
						-0.000000,1.953722,0.000000,1.000000;;
					}
				}
		}
		Frame frm-fleg_1_r {
			FrameTransformMatrix {
				0.034964,0.759895,0.649105,0.000000,
				-0.650611,-0.475710,0.591950,0.000000,
				0.758606,-0.443012,0.477763,0.000000,
				-3.414844,4.589534,2.493837,1.000000;;
			}
			SI_FrameBasePoseMatrix {
				0.034964,0.759895,0.649105,0.000000,
				-0.650611,-0.475710,0.591950,0.000000,
				0.758606,-0.443012,0.477763,0.000000,
				-3.414844,4.589534,2.493837,1.000000;;
			}
				Frame frm-fleg_2_r {
					FrameTransformMatrix {
						0.757527,0.580803,0.298029,0.000000,
						-0.651997,0.695843,0.301168,0.000000,
						-0.032462,-0.422456,0.905802,0.000000,
						0.000000,1.650585,-0.000000,1.000000;;
					}
					SI_FrameBasePoseMatrix {
						0.757527,0.580803,0.298029,0.000000,
						-0.651997,0.695843,0.301168,0.000000,
						-0.032462,-0.422456,0.905802,0.000000,
						0.000000,1.650585,-0.000000,1.000000;;
					}
				}
		}
		Frame frm-ffoot_r {
			FrameTransformMatrix {
				-0.718073,-0.063631,-0.693033,0.000000,
				0.071971,-0.997262,0.016991,0.000000,
				-0.692221,-0.037678,0.720700,0.000000,
				-5.024021,1.724539,3.758157,1.000000;;
			}
			SI_FrameBasePoseMatrix {
				-0.718073,-0.063631,-0.693033,0.000000,
				0.071971,-0.997262,0.016991,0.000000,
				-0.692221,-0.037678,0.720700,0.000000,
				-5.024021,1.724539,3.758157,1.000000;;
			}
				Frame frm-ftoe_1_r {
					FrameTransformMatrix {
						-0.027728,-0.998253,-0.052164,0.000000,
						0.071949,-0.054042,0.995943,0.000000,
						-0.997023,0.023862,0.073322,0.000000,
						0.000000,1.766833,-0.000000,1.000000;;
					}
					SI_FrameBasePoseMatrix {
						-0.027728,-0.998253,-0.052164,0.000000,
						0.071949,-0.054042,0.995943,0.000000,
						-0.997023,0.023862,0.073322,0.000000,
						0.000000,1.766833,-0.000000,1.000000;;
					}
				}
				Frame frm-ftoe_2_r {
					FrameTransformMatrix {
						0.026176,0.995219,0.094097,0.000000,
						-0.914346,0.061885,-0.400177,0.000000,
						-0.404087,-0.075562,0.911594,0.000000,
						0.000000,1.766833,-0.000000,1.000000;;
					}
					SI_FrameBasePoseMatrix {
						0.026176,0.995219,0.094097,0.000000,
						-0.914346,0.061885,-0.400177,0.000000,
						-0.404087,-0.075562,0.911594,0.000000,
						0.000000,1.766833,-0.000000,1.000000;;
					}
				}
				Frame frm-ftoe_3_r {
					FrameTransformMatrix {
						0.016253,0.999033,-0.040839,0.000000,
						0.781479,-0.038171,-0.622762,0.000000,
						-0.623719,-0.021793,-0.781345,0.000000,
						0.000000,1.766833,-0.000000,1.000000;;
					}
					SI_FrameBasePoseMatrix {
						0.016253,0.999033,-0.040839,0.000000,
						0.781479,-0.038171,-0.622762,0.000000,
						-0.623719,-0.021793,-0.781345,0.000000,
						0.000000,1.766833,-0.000000,1.000000;;
					}
				}
		}
}

AnimationSet {
	Animation anim-body {
		{frm-body}
		SI_AnimationKey {
			2;
			6;
			1;3;0.000001,4.240731,-0.423628;;,
			19;3;0.579683,3.807676,1.519088;;,
			35;3;0.791341,3.807677,2.384204;;,
			45;3;0.791341,3.807677,2.384204;;,
			46;3;0.908315,3.807677,2.513614;;,
			48;3;0.911804,3.807677,2.513963;;;
		}
		SI_AnimationKey {
			0;
			6;
			1;4;1.000000,0.000000,-0.000000,0.000000;;,
			19;4;0.881462,-0.469255,-0.046916,0.024976;;,
			35;4;0.884073,-0.456508,-0.088709,0.046321;;,
			45;4;0.884073,-0.456508,-0.088709,0.046321;;,
			46;4;0.894716,-0.433001,-0.097497,0.049888;;,
			48;4;0.887171,-0.449656,-0.091844,0.047972;;;
		}
	}
	Animation anim-headroot {
		{frm-headroot}
		SI_AnimationKey {
			2;
			6;
			1;3;0.000002,0.938310,0.087595;;,
			19;3;0.000002,0.938311,0.087595;;,
			35;3;0.000002,0.938311,0.087595;;,
			45;3;0.000002,0.938311,0.087595;;,
			46;3;0.000003,0.938311,0.087595;;,
			48;3;0.000002,0.938310,0.087595;;;
		}
		SI_AnimationKey {
			0;
			6;
			1;4;1.000000,0.000000,-0.000000,-0.000000;;,
			19;4;0.985209,0.171271,-0.003687,-0.003911;;,
			35;4;0.986236,0.164664,-0.013355,-0.006826;;,
			45;4;0.988546,0.149850,-0.015423,-0.009167;;,
			46;4;0.966154,0.257780,-0.005641,0.007976;;,
			48;4;0.970742,0.240096,-0.001726,0.003265;;;
		}
	}
	Animation anim-mortar {
		{frm-mortar}
		SI_AnimationKey {
			2;
			6;
			1;3;0.000017,0.819417,7.705483;;,
			19;3;0.000019,0.819417,6.132809;;,
			35;3;-0.012410,0.785461,6.345840;;,
			45;3;-0.014448,0.779892,6.122878;;,
			46;3;-0.017361,0.731501,6.556918;;,
			48;3;-0.005429,0.775214,6.598711;;;
		}
		SI_AnimationKey {
			0;
			6;
			1;4;0.707107,-0.707107,-0.000000,-0.000001;;,
			19;4;0.707107,-0.707107,-0.000000,-0.000001;;,
			35;4;0.715878,-0.698203,-0.000995,0.005411;;,
			45;4;0.715878,-0.698203,-0.000995,0.005411;;,
			46;4;0.733591,-0.679522,-0.000611,0.009716;;,
			48;4;0.721078,-0.692844,0.000283,0.003681;;;
		}
	}
	Animation anim-bleg_1_r {
		{frm-bleg_1_r}
		SI_AnimationKey {
			2;
			6;
			1;3;-3.992540,4.577705,-3.297573;;,
			19;3;-4.065125,5.850269,-0.294594;;,
			35;3;-3.988074,5.850270,0.962629;;,
			45;3;-3.988074,5.850270,0.962629;;,
			46;3;-3.883754,5.850080,1.144863;;,
			48;3;-3.883146,5.850270,1.145705;;;
		}
		SI_AnimationKey {
			0;
			6;
			1;4;0.294403,-0.162105,0.477360,-0.811896;;,
			19;4;0.162482,0.060863,0.598602,-0.782030;;,
			35;4;0.188556,0.025140,0.580624,-0.791638;;,
			45;4;0.188556,0.025140,0.580624,-0.791638;;,
			46;4;0.190614,0.020385,0.558419,-0.807105;;,
			48;4;0.189861,0.023304,0.574033,-0.796176;;;
		}
	}
	Animation anim-bleg_2_r {
		{frm-bleg_2_r}
		SI_AnimationKey {
			2;
			6;
			1;3;0.000000,1.583865,-0.000000;;,
			19;3;-0.000000,1.583865,-0.000000;;,
			35;3;0.000000,1.583864,0.000000;;,
			45;3;0.000000,1.583864,0.000000;;,
			46;3;0.000001,1.583865,-0.000000;;,
			48;3;0.000000,1.583865,-0.000000;;;
		}
		SI_AnimationKey {
			0;
			6;
			1;4;0.490162,-0.084377,-0.755376,-0.426648;;,
			19;4;0.490162,-0.084377,-0.755376,-0.426648;;,
			35;4;0.489392,-0.091954,-0.749449,-0.436310;;,
			45;4;0.489392,-0.091954,-0.749449,-0.436310;;,
			46;4;0.483209,-0.102536,-0.739600,-0.457151;;,
			48;4;0.485707,-0.092841,-0.747865,-0.442906;;;
		}
	}
	Animation anim-bfoot_r {
		{frm-bfoot_r}
		SI_AnimationKey {
			2;
			6;
			1;3;-5.388891,1.908686,-4.859274;;,
			19;3;-4.461168,3.518324,-2.727196;;,
			35;3;-4.584822,3.518325,-1.428666;;,
			45;3;-4.584822,3.518325,-1.428666;;,
			46;3;-4.507529,3.518606,-1.240079;;,
			48;3;-4.506490,3.518325,-1.238795;;;
		}
		SI_AnimationKey {
			0;
			6;
			1;4;0.040956,-0.374322,-0.016067,0.926254;;,
			19;4;0.127877,0.607132,0.179820,-0.763350;;,
			35;4;0.127532,0.571822,0.164995,-0.793431;;,
			45;4;0.127532,0.571822,0.164995,-0.793431;;,
			46;4;0.111755,0.566719,0.145382,-0.803246;;,
			48;4;0.123269,0.569805,0.159017,-0.796769;;;
		}
	}
	Animation anim-btoe_1_r {
		{frm-btoe_1_r}
		SI_AnimationKey {
			2;
			6;
			1;3;0.000000,1.953722,-0.000000;;,
			19;3;0.000000,1.953721,-0.000000;;,
			35;3;0.000000,1.953722,0.000000;;,
			45;3;0.000000,1.953722,0.000000;;,
			46;3;-0.000000,1.953722,-0.000000;;,
			48;3;0.000000,1.953722,0.000000;;;
		}
		SI_AnimationKey {
			0;
			6;
			1;4;0.038494,0.731484,0.680518,-0.018570;;,
			19;4;0.041529,0.572773,0.818599,-0.010098;;,
			35;4;0.105822,0.584819,0.792110,-0.139103;;,
			45;4;0.039251,0.563050,0.825481,-0.003819;;,
			46;4;0.038826,0.542136,0.839387,0.003284;;,
			48;4;0.041026,0.556758,0.829650,-0.004320;;;
		}
	}
	Animation anim-btoe_2_r {
		{frm-btoe_2_r}
		SI_AnimationKey {
			2;
			6;
			1;3;0.000000,1.953722,-0.000000;;,
			19;3;0.000000,1.953721,-0.000000;;,
			35;3;0.000000,1.953722,0.000000;;,
			45;3;0.000000,1.953722,0.000000;;,
			46;3;-0.000000,1.953722,-0.000000;;,
			48;3;0.000000,1.953722,0.000000;;;
		}
		SI_AnimationKey {
			0;
			6;
			1;4;0.365990,-0.572147,0.585864,0.442111;;,
			19;4;0.408816,-0.509979,0.640710,0.402841;;,
			35;4;0.513366,-0.411649,0.620040,0.427259;;,
			45;4;0.407660,-0.521441,0.635276,0.397916;;,
			46;4;0.410944,-0.541596,0.621495,0.389284;;,
			48;4;0.411233,-0.525931,0.630324,0.396202;;;
		}
	}
	Animation anim-btoe_3_r {
		{frm-btoe_3_r}
		SI_AnimationKey {
			2;
			6;
			1;3;0.000000,1.953722,-0.000000;;,
			19;3;0.000000,1.953721,-0.000000;;,
			35;3;0.000000,1.953722,0.000000;;,
			45;3;0.000000,1.953722,0.000000;;,
			46;3;-0.000000,1.953722,-0.000000;;,
			48;3;0.000000,1.953722,0.000000;;;
		}
		SI_AnimationKey {
			0;
			6;
			1;4;0.159506,0.561838,-0.715812,0.382764;;,
			19;4;0.207287,0.465376,-0.781969,0.359141;;,
			35;4;0.065680,0.504657,-0.784426,0.354519;;,
			45;4;0.217878,0.471531,-0.776845,0.355949;;,
			46;4;0.233451,0.487512,-0.766148,0.347635;;,
			48;4;0.219712,0.477773,-0.773912,0.352875;;;
		}
	}
	Animation anim-fleg_1_l {
		{frm-fleg_1_l}
		SI_AnimationKey {
			2;
			6;
			1;3;3.414836,4.589534,2.493848;;,
			19;3;3.784250,3.370044,2.739999;;,
			35;3;4.086252,3.370045,3.334696;;,
			45;3;4.086252,3.370045,3.334696;;,
			46;3;4.214032,3.369741,3.428009;;,
			48;3;4.217096,3.370045,3.427699;;;
		}
		SI_AnimationKey {
			0;
			6;
			1;4;0.506155,-0.475737,0.077152,0.715213;;,
			19;4;0.354136,-0.322035,-0.489979,0.728562;;,
			35;4;0.361982,-0.328960,-0.422560,0.763019;;,
			45;4;0.335725,-0.282260,-0.497483,0.748418;;,
			46;4;0.340659,-0.264661,-0.482261,0.762450;;,
			48;4;0.336589,-0.276712,-0.493274,0.752874;;;
		}
	}
	Animation anim-fleg_2_l {
		{frm-fleg_2_l}
		SI_AnimationKey {
			2;
			6;
			1;3;-0.000000,1.650585,0.000000;;,
			19;3;0.000000,1.650585,-0.000000;;,
			35;3;0.000001,1.650585,0.000000;;,
			45;3;-0.000000,1.650584,0.000000;;,
			46;3;0.000000,1.650585,-0.000000;;,
			48;3;-0.000001,1.650585,0.000000;;;
		}
		SI_AnimationKey {
			0;
			6;
			1;4;0.886526,-0.224807,-0.248983,0.318653;;,
			19;4;0.734715,0.065625,-0.477900,0.476968;;,
			35;4;0.739247,0.054559,-0.471366,0.477860;;,
			45;4;0.739248,0.054559,-0.471366,0.477860;;,
			46;4;0.750407,0.034396,-0.459898,0.473498;;,
			48;4;0.743517,0.049879,-0.469073,0.473989;;;
		}
	}
	Animation anim-ffoot_l {
		{frm-ffoot_l}
		SI_AnimationKey {
			2;
			6;
			1;3;5.024009,1.724539,3.758172;;,
			19;3;5.520522,3.463573,-0.129190;;,
			35;3;5.970717,3.044500,0.578169;;,
			45;3;5.578183,3.463573,0.331194;;,
			46;3;5.673280,3.463411,0.406559;;,
			48;3;5.675485,3.463573,0.407768;;;
		}
		SI_AnimationKey {
			0;
			6;
			1;4;0.029886,0.374217,-0.021701,-0.926605;;,
			19;4;0.095539,0.148819,0.884444,-0.431838;;,
			35;4;0.079887,0.191987,0.850689,-0.482791;;,
			45;4;0.134570,0.128231,0.873758,-0.449437;;,
			46;4;0.138006,0.124287,0.861082,-0.473334;;,
			48;4;0.136400,0.126998,0.869982,-0.456507;;;
		}
	}
	Animation anim-ftoe_1_l {
		{frm-ftoe_1_l}
		SI_AnimationKey {
			2;
			6;
			1;3;-0.000000,1.766833,0.000000;;,
			19;3;0.000001,1.766832,0.000000;;,
			35;3;0.000001,1.766833,-0.000000;;,
			45;3;-0.000000,1.766833,-0.000000;;,
			46;3;-0.000001,1.766833,0.000001;;,
			48;3;-0.000000,1.766832,-0.000000;;;
		}
		SI_AnimationKey {
			0;
			6;
			1;4;0.687623,0.038713,-0.012377,-0.724930;;,
			19;4;0.845579,0.040567,-0.002417,-0.532301;;,
			35;4;0.784736,0.153486,0.021408,-0.600145;;,
			45;4;0.846532,0.028934,0.004631,-0.531531;;,
			46;4;0.844923,0.008971,0.021129,-0.534395;;,
			48;4;0.844727,0.024907,0.010287,-0.534519;;;
		}
	}
	Animation anim-ftoe_2_l {
		{frm-ftoe_2_l}
		SI_AnimationKey {
			2;
			6;
			1;3;-0.000000,1.766833,0.000000;;,
			19;3;0.000001,1.766832,0.000000;;,
			35;3;0.000001,1.766833,-0.000000;;,
			45;3;-0.000000,1.766833,-0.000000;;,
			46;3;-0.000001,1.766833,0.000001;;,
			48;3;-0.000000,1.766832,-0.000000;;;
		}
		SI_AnimationKey {
			0;
			6;
			1;4;0.617982,-0.365593,0.386059,0.579136;;,
			19;4;0.749655,-0.249871,0.469318,0.394109;;,
			35;4;0.762374,-0.256562,0.533036,0.262365;;,
			45;4;0.745920,-0.259560,0.463981,0.401191;;,
			46;4;0.739053,-0.281681,0.454983,0.409202;;,
			48;4;0.744530,-0.267022,0.462383,0.400720;;;
		}
	}
	Animation anim-ftoe_3_l {
		{frm-ftoe_3_l}
		SI_AnimationKey {
			2;
			6;
			1;3;-0.000000,1.766833,0.000000;;,
			19;3;0.000001,1.766832,0.000000;;,
			35;3;0.000001,1.766833,-0.000000;;,
			45;3;-0.000000,1.766833,-0.000000;;,
			46;3;-0.000001,1.766833,0.000001;;,
			48;3;-0.000000,1.766832,-0.000000;;;
		}
		SI_AnimationKey {
			0;
			6;
			1;4;0.262899,0.615787,0.641717,-0.374018;;,
			19;4;0.350448,0.429485,0.778808,-0.293575;;,
			35;4;0.223152,0.406509,0.811593,-0.355347;;,
			45;4;0.356687,0.425313,0.782279,-0.282706;;,
			46;4;0.363764,0.413908,0.792082,-0.262605;;,
			48;4;0.356329,0.420891,0.786528,-0.277948;;;
		}
	}
	Animation anim-bleg_1_l {
		{frm-bleg_1_l}
		SI_AnimationKey {
			2;
			6;
			1;3;3.992550,4.577705,-3.297561;;,
			19;3;3.874850,5.850268,-1.142202;;,
			35;3;3.854049,5.850269,-0.541613;;,
			45;3;3.854049,5.850269,-0.541613;;,
			46;3;3.939688,5.849607,-0.447368;;,
			48;3;3.941737,5.850269,-0.445784;;;
		}
		SI_AnimationKey {
			0;
			6;
			1;4;0.484019,0.807944,0.283323,0.180776;;,
			19;4;0.602558,0.785577,0.137021,-0.031900;;,
			35;4;0.598488,0.790428,0.109258,-0.071406;;,
			45;4;0.598488,0.790428,0.109258,-0.071406;;,
			46;4;0.578919,0.804309,0.104435,-0.083863;;,
			48;4;0.592899,0.794539,0.107157,-0.075472;;;
		}
	}
	Animation anim-bleg_2_l {
		{frm-bleg_2_l}
		SI_AnimationKey {
			2;
			6;
			1;3;-0.000000,1.583865,-0.000000;;,
			19;3;-0.000000,1.583864,-0.000000;;,
			35;3;0.000000,1.583864,0.000001;;,
			45;3;0.000000,1.583864,0.000001;;,
			46;3;-0.000000,1.583865,-0.000000;;,
			48;3;-0.000000,1.583865,-0.000000;;;
		}
		SI_AnimationKey {
			0;
			6;
			1;4;0.737427,0.418333,-0.516772,0.118935;;,
			19;4;0.737427,0.418333,-0.516773,0.118935;;,
			35;4;0.736153,0.429409,-0.509062,0.120591;;,
			45;4;0.736153,0.429409,-0.509062,0.120591;;,
			46;4;0.730299,0.450385,-0.497226,0.128777;;,
			48;4;0.733249,0.434823,-0.507566,0.125107;;;
		}
	}
	Animation anim-bfoot_l {
		{frm-bfoot_l}
		SI_AnimationKey {
			2;
			6;
			1;3;5.388906,1.908686,-4.859258;;,
			19;3;4.203663,3.506691,-3.573643;;,
			35;3;3.979749,3.506692,-2.991964;;,
			45;3;3.979749,3.506692,-2.991964;;,
			46;3;4.038198,3.506586,-2.899338;;,
			48;3;4.040139,3.506692,-2.897382;;;
		}
		SI_AnimationKey {
			0;
			6;
			1;4;0.040443,0.374368,-0.017149,-0.926239;;,
			19;4;0.096418,0.091290,0.266247,-0.954716;;,
			35;4;0.106318,0.047072,0.249679,-0.961322;;,
			45;4;0.106318,0.047072,0.249679,-0.961322;;,
			46;4;0.104224,0.039748,0.224141,-0.968152;;,
			48;4;0.106159,0.044255,0.242141,-0.963400;;;
		}
	}
	Animation anim-btoe_1_l {
		{frm-btoe_1_l}
		SI_AnimationKey {
			2;
			6;
			1;3;-0.000000,1.953722,0.000000;;,
			19;3;0.000000,1.953722,0.000000;;,
			35;3;-0.000000,1.953721,0.000000;;,
			45;3;-0.000000,1.953721,0.000000;;,
			46;3;-0.000000,1.953722,0.000000;;,
			48;3;-0.000000,1.953722,0.000000;;;
		}
		SI_AnimationKey {
			0;
			6;
			1;4;0.450647,0.509206,0.511374,-0.525475;;,
			19;4;0.599820,0.310015,0.651681,-0.345569;;,
			35;4;0.622896,0.269333,0.572398,-0.460240;;,
			45;4;0.601313,0.302660,0.658510,-0.336429;;,
			46;4;0.606825,0.284140,0.668755,-0.322171;;,
			48;4;0.604183,0.295888,0.659989,-0.334407;;;
		}
	}
	Animation anim-btoe_2_l {
		{frm-btoe_2_l}
		SI_AnimationKey {
			2;
			6;
			1;3;-0.000000,1.953722,0.000000;;,
			19;3;0.000000,1.953722,0.000000;;,
			35;3;-0.000000,1.953721,0.000000;;,
			45;3;-0.000000,1.953721,0.000000;;,
			46;3;-0.000000,1.953722,0.000000;;,
			48;3;-0.000000,1.953722,0.000000;;;
		}
		SI_AnimationKey {
			0;
			6;
			1;4;0.151372,-0.712862,0.673996,0.121012;;,
			19;4;0.163441,-0.636727,0.746338,0.104137;;,
			35;4;0.296883,-0.653450,0.687331,0.111529;;,
			45;4;0.152574,-0.639860,0.744873,0.111649;;,
			46;4;0.136192,-0.647249,0.738737,0.129567;;,
			48;4;0.150528,-0.642606,0.741944,0.117979;;;
		}
	}
	Animation anim-btoe_3_l {
		{frm-btoe_3_l}
		SI_AnimationKey {
			2;
			6;
			1;3;-0.000000,1.953722,0.000000;;,
			19;3;0.000000,1.953722,0.000000;;,
			35;3;-0.000000,1.953721,0.000000;;,
			45;3;-0.000000,1.953721,0.000000;;,
			46;3;-0.000000,1.953722,0.000000;;,
			48;3;-0.000000,1.953722,0.000000;;;
		}
		SI_AnimationKey {
			0;
			6;
			1;4;0.298017,-0.649380,-0.670086,-0.201184;;,
			19;4;0.324704,-0.542093,-0.759505,-0.154451;;,
			35;4;0.264541,-0.482995,-0.832637,-0.058730;;,
			45;4;0.319976,-0.545106,-0.756782,-0.166602;;,
			46;4;0.305534,-0.549344,-0.754711,-0.187830;;,
			48;4;0.313804,-0.545637,-0.757970,-0.171139;;;
		}
	}
	Animation anim-fleg_1_r {
		{frm-fleg_1_r}
		SI_AnimationKey {
			2;
			6;
			1;3;-3.414844,4.589534,2.493837;;,
			19;3;-3.043270,3.536271,3.835242;;,
			35;3;-2.626691,3.536272,4.993307;;,
			45;3;-2.626691,3.536272,4.993307;;,
			46;3;-2.478042,3.536671,5.160090;;,
			48;3;-2.476957,3.536272,5.160971;;;
		}
		SI_AnimationKey {
			0;
			6;
			1;4;0.509170,-0.508161,-0.053764,-0.692551;;,
			19;4;0.475887,-0.466181,0.577944,-0.471367;;,
			35;4;0.478545,-0.535608,0.459773,-0.522233;;,
			45;4;0.430535,-0.380865,0.486380,-0.658039;;,
			46;4;0.442540,-0.377742,0.463927,-0.668013;;,
			48;4;0.434627,-0.380334,0.479634,-0.660604;;;
		}
	}
	Animation anim-fleg_2_r {
		{frm-fleg_2_r}
		SI_AnimationKey {
			2;
			6;
			1;3;0.000000,1.650585,-0.000000;;,
			19;3;0.000000,1.650585,-0.000000;;,
			35;3;0.000000,1.650585,-0.000000;;,
			45;3;0.000001,1.650584,-0.000000;;,
			46;3;0.000001,1.650585,-0.000000;;,
			48;3;0.000000,1.650585,-0.000000;;;
		}
		SI_AnimationKey {
			0;
			6;
			1;4;0.916402,-0.197409,0.090160,-0.336315;;,
			19;4;0.902457,-0.051229,0.202334,-0.376839;;,
			35;4;0.906263,-0.060233,0.196172,-0.369561;;,
			45;4;0.906263,-0.060233,0.196172,-0.369561;;,
			46;4;0.911455,-0.078942,0.181045,-0.360889;;,
			48;4;0.906882,-0.065750,0.190749,-0.369942;;;
		}
	}
	Animation anim-ffoot_r {
		{frm-ffoot_r}
		SI_AnimationKey {
			2;
			6;
			1;3;-5.024021,1.724539,3.758157;;,
			19;3;-5.962217,4.238828,2.136158;;,
			35;3;-5.800264,3.422419,3.645646;;,
			45;3;-5.080681,3.026967,2.622808;;,
			46;3;-4.957806,3.027131,2.817168;;,
			48;3;-4.957196,3.026967,2.817950;;;
		}
		SI_AnimationKey {
			0;
			6;
			1;4;0.036516,-0.373659,-0.005643,0.926830;;,
			19;4;0.474979,0.384767,0.709294,-0.351072;;,
			35;4;0.455280,0.298709,0.696744,-0.466948;;,
			45;4;0.282587,0.420737,0.722838,-0.469712;;,
			46;4;0.277023,0.420836,0.709270,-0.493044;;,
			48;4;0.281672,0.420636,0.718599,-0.476803;;;
		}
	}
	Animation anim-ftoe_1_r {
		{frm-ftoe_1_r}
		SI_AnimationKey {
			2;
			6;
			1;3;0.000000,1.766833,-0.000000;;,
			19;3;-0.000000,1.766833,-0.000000;;,
			35;3;-0.000000,1.766833,0.000001;;,
			45;3;-0.000000,1.766833,-0.000000;;,
			46;3;-0.000001,1.766833,-0.000000;;,
			48;3;-0.000000,1.766833,0.000000;;;
		}
		SI_AnimationKey {
			0;
			6;
			1;4;0.497884,-0.488106,0.474438,0.537376;;,
			19;4;0.562244,-0.423735,0.532717,0.469619;;,
			35;4;0.621221,-0.363113,0.591108,0.364452;;,
			45;4;0.558137,-0.435669,0.527505,0.469483;;,
			46;4;0.553179,-0.458838,0.518526,0.463239;;,
			48;4;0.558421,-0.441911,0.525821,0.465181;;;
		}
	}
	Animation anim-ftoe_2_r {
		{frm-ftoe_2_r}
		SI_AnimationKey {
			2;
			6;
			1;3;0.000000,1.766833,-0.000000;;,
			19;3;-0.000000,1.766833,-0.000000;;,
			35;3;-0.000000,1.766833,0.000001;;,
			45;3;-0.000000,1.766833,-0.000000;;,
			46;3;-0.000001,1.766833,-0.000000;;,
			48;3;-0.000000,1.766833,0.000000;;;
		}
		SI_AnimationKey {
			0;
			6;
			1;4;0.707046,0.114779,0.176150,-0.675191;;,
			19;4;0.907449,0.041027,0.206201,-0.363778;;,
			35;4;0.877345,0.170139,0.169233,-0.415547;;,
			45;4;0.904352,0.031604,0.214859,-0.367402;;,
			46;4;0.895792,0.017491,0.231353,-0.379113;;,
			48;4;0.901175,0.029857,0.219111,-0.372803;;;
		}
	}
	Animation anim-ftoe_3_r {
		{frm-ftoe_3_r}
		SI_AnimationKey {
			2;
			6;
			1;3;0.000000,1.766833,-0.000000;;,
			19;3;-0.000000,1.766833,-0.000000;;,
			35;3;-0.000000,1.766833,0.000001;;,
			45;3;-0.000000,1.766833,-0.000000;;,
			46;3;-0.000001,1.766833,-0.000000;;,
			48;3;-0.000000,1.766833,0.000000;;;
		}
		SI_AnimationKey {
			0;
			6;
			1;4;0.221775,0.677453,0.657062,-0.245241;;,
			19;4;0.279033,0.478207,0.813628,-0.177391;;,
			35;4;0.188334,0.491673,0.798680,-0.291373;;,
			45;4;0.278990,0.470552,0.820056,-0.168087;;,
			46;4;0.274355,0.453624,0.833731,-0.154426;;,
			48;4;0.275718,0.465257,0.824471,-0.166622;;;
		}
	}
}

SI_EnvelopeList {
	32;
	SI_Envelope {
		"frm-bodymesh";
		"frm-fleg_2_r";
		7;
		64;50.000000;,
		65;50.000000;,
		66;50.000000;,
		67;100.000000;,
		68;100.000000;,
		69;100.000000;,
		75;100.000000;;
	}
	SI_Envelope {
		"frm-bodymesh";
		"frm-ftoe_1_l";
		9;
		164;25.000000;,
		168;25.000000;,
		170;25.000000;,
		171;25.000000;,
		180;75.000000;,
		181;75.000000;,
		182;75.000000;,
		183;75.000000;,
		192;100.000000;;
	}
	SI_Envelope {
		"frm-bodymesh";
		"frm-ftoe_2_l";
		9;
		176;25.000000;,
		177;25.000000;,
		178;25.000000;,
		179;25.000000;,
		188;75.000000;,
		189;75.000000;,
		190;75.000000;,
		191;75.000000;,
		194;100.000000;;
	}
	SI_Envelope {
		"frm-bodymesh";
		"frm-btoe_2_r";
		9;
		90;25.000000;,
		91;25.000000;,
		92;25.000000;,
		93;25.000000;,
		102;75.000000;,
		103;75.000000;,
		104;75.000000;,
		105;75.000000;,
		108;100.000000;;
	}
	SI_Envelope {
		"frm-bodymesh";
		"frm-fleg_1_l";
		7;
		119;75.000000;,
		155;50.000000;,
		201;100.000000;,
		202;100.000000;,
		203;75.000000;,
		204;75.000000;,
		205;100.000000;;
	}
	SI_Envelope {
		"frm-bodymesh";
		"frm-ftoe_2_r";
		9;
		45;25.000000;,
		46;25.000000;,
		47;25.000000;,
		48;25.000000;,
		57;75.000000;,
		58;75.000000;,
		59;75.000000;,
		60;75.000000;,
		63;100.000000;;
	}
	SI_Envelope {
		"frm-bodymesh";
		"frm-ftoe_3_l";
		9;
		172;25.000000;,
		173;25.000000;,
		174;25.000000;,
		175;25.000000;,
		184;75.000000;,
		185;75.000000;,
		186;75.000000;,
		187;75.000000;,
		193;100.000000;;
	}
	SI_Envelope {
		"frm-bodymesh";
		"frm-ftoe_3_r";
		9;
		41;25.000000;,
		42;25.000000;,
		43;25.000000;,
		44;25.000000;,
		53;75.000000;,
		54;75.000000;,
		55;74.999994;,
		56;74.999994;,
		62;100.000000;;
	}
	SI_Envelope {
		"frm-bodymesh";
		"frm-btoe_2_l";
		9;
		221;25.000000;,
		222;25.000000;,
		223;25.000000;,
		224;25.000000;,
		233;75.000000;,
		234;75.000000;,
		235;75.000000;,
		236;75.000000;,
		239;100.000000;;
	}
	SI_Envelope {
		"frm-bodymesh";
		"frm-bleg_1_r";
		7;
		9;75.000000;,
		10;75.000000;,
		19;75.000000;,
		25;50.000000;,
		115;100.000000;,
		116;100.000000;,
		117;100.000000;;
	}
	SI_Envelope {
		"frm-bodymesh";
		"frm-btoe_1_r";
		9;
		78;25.000000;,
		82;25.000000;,
		84;25.000000;,
		85;25.000000;,
		94;75.000000;,
		95;75.000000;,
		96;75.000000;,
		97;75.000000;,
		106;100.000000;;
	}
	SI_Envelope {
		"frm-bodymesh";
		"frm-btoe_3_l";
		9;
		217;25.000000;,
		218;25.000000;,
		219;25.000000;,
		220;25.000000;,
		229;75.000000;,
		230;75.000000;,
		231;75.000000;,
		232;75.000000;,
		238;100.000000;;
	}
	SI_Envelope {
		"frm-bodymesh";
		"frm-btoe_1_l";
		9;
		209;25.000000;,
		213;25.000000;,
		215;25.000000;,
		216;25.000000;,
		225;75.000000;,
		226;75.000000;,
		227;75.000000;,
		228;75.000000;,
		237;100.000000;;
	}
	SI_Envelope {
		"frm-bodymesh";
		"frm-bfoot_r";
		33;
		76;100.000000;,
		77;100.000000;,
		78;75.000000;,
		79;100.000000;,
		80;100.000000;,
		81;100.000000;,
		82;75.000000;,
		83;100.000000;,
		84;75.000000;,
		85;75.000000;,
		86;75.000000;,
		87;75.000000;,
		88;75.000000;,
		89;75.000000;,
		90;75.000000;,
		91;75.000000;,
		92;75.000000;,
		93;75.000000;,
		94;25.000000;,
		95;25.000000;,
		96;25.000000;,
		97;25.000000;,
		98;25.000000;,
		99;25.000000;,
		100;25.000000;,
		101;25.000000;,
		102;25.000000;,
		103;25.000000;,
		104;25.000000;,
		105;25.000000;,
		109;50.000000;,
		110;50.000000;,
		111;50.000000;;
	}
	SI_Envelope {
		"frm-bodymesh";
		"frm-bleg_2_r";
		7;
		109;50.000000;,
		110;50.000000;,
		111;50.000000;,
		112;100.000000;,
		113;100.000000;,
		114;100.000000;,
		118;100.000000;;
	}
	SI_Envelope {
		"frm-bodymesh";
		"frm-ffoot_l";
		33;
		162;100.000000;,
		163;100.000000;,
		164;75.000000;,
		165;100.000000;,
		166;100.000000;,
		167;100.000000;,
		168;75.000000;,
		169;100.000000;,
		170;75.000000;,
		171;75.000000;,
		172;75.000000;,
		173;75.000000;,
		174;75.000000;,
		175;75.000000;,
		176;75.000000;,
		177;75.000000;,
		178;75.000000;,
		179;75.000000;,
		180;25.000000;,
		181;25.000000;,
		182;25.000000;,
		183;25.000000;,
		184;25.000000;,
		185;25.000000;,
		186;25.000000;,
		187;25.000000;,
		188;25.000000;,
		189;25.000000;,
		190;25.000000;,
		191;25.000000;,
		195;50.000000;,
		196;50.000000;,
		197;50.000000;;
	}
	SI_Envelope {
		"frm-bodymesh";
		"frm-bleg_2_l";
		7;
		240;50.000000;,
		241;50.000000;,
		242;50.000000;,
		243;100.000000;,
		244;100.000000;,
		245;100.000000;,
		249;100.000000;;
	}
	SI_Envelope {
		"frm-bodymesh";
		"frm-ffoot_r";
		33;
		31;100.000000;,
		32;100.000000;,
		33;75.000000;,
		34;100.000000;,
		35;100.000000;,
		36;100.000000;,
		37;75.000000;,
		38;100.000000;,
		39;75.000000;,
		40;75.000000;,
		41;75.000000;,
		42;75.000000;,
		43;75.000000;,
		44;75.000000;,
		45;75.000000;,
		46;75.000000;,
		47;75.000000;,
		48;75.000000;,
		49;25.000000;,
		50;25.000000;,
		51;25.000000;,
		52;25.000000;,
		53;25.000000;,
		54;25.000000;,
		55;25.000000;,
		56;25.000000;,
		57;25.000000;,
		58;25.000000;,
		59;25.000000;,
		60;25.000000;,
		64;50.000000;,
		65;50.000000;,
		66;50.000000;;
	}
	SI_Envelope {
		"frm-bodymesh";
		"frm-fleg_2_l";
		7;
		195;50.000000;,
		196;50.000000;,
		197;50.000000;,
		198;100.000000;,
		199;100.000000;,
		200;100.000000;,
		206;100.000000;;
	}
	SI_Envelope {
