xsi 0101txt 0032

SI_CoordinateSystem coord {
	1;
	0;
	1;
	0;
	2;
	5;
}

Frame frm-hp_bones {
	FrameTransformMatrix {
		1.000000,0.000001,0.000000,0.000000,
		-0.000001,1.000000,-0.000001,0.000000,
		-0.000000,0.000001,1.000000,0.000000,
		0.000000,0.000000,0.000000,1.000000;;
	}
		Frame frm-bodymesh {
			FrameTransformMatrix {
				1.000000,0.000000,0.000000,0.000000,
				0.000000,1.000000,0.000000,0.000000,
				0.000000,0.000000,1.000000,0.000000,
				0.000001,4.815176,-0.606131,1.000000;;
			}
				Frame frm-headmesh {
					FrameTransformMatrix {
						1.000000,0.000000,0.000000,0.000000,
						0.000000,1.000000,-0.000000,0.000000,
						0.000000,0.000000,1.000000,0.000000,
						0.000002,1.363866,0.270096,1.000000;;
					}
						Frame frm-cockpit {
							FrameTransformMatrix {
								1.000000,-0.000000,-0.000000,0.000000,
								0.000000,1.000000,0.000001,0.000000,
								0.000000,-0.000001,1.000000,0.000000,
								0.000012,3.487686,2.494526,1.000000;;
							}
						}
						Frame frm-mortar {
							FrameTransformMatrix {
								1.000000,-0.000000,-0.000000,0.000000,
								0.000000,1.000000,0.000000,0.000000,
								0.000000,-0.000000,1.000000,0.000000,
								0.000778,0.785871,7.571625,1.000000;;
							}
						}
				}
				Frame frm-hp_com {
					FrameTransformMatrix {
						-0.544605,-0.000000,-0.000001,0.000000,
						-0.000001,0.000000,0.544605,0.000000,
						0.000000,0.544605,-0.000000,0.000000,
						-0.000000,-0.574444,0.182503,1.000000;;
					}
				}
		}
		Frame frm-body {
			FrameTransformMatrix {
				1.000000,-0.000000,-0.000000,0.000000,
				0.000000,1.000000,-0.000001,0.000000,
				0.000000,0.000001,1.000000,0.000000,
				0.000001,4.240731,-0.423628,1.000000;;
			}
			SI_FrameBasePoseMatrix {
				1.000000,-0.000000,-0.000000,0.000000,
				0.000000,1.000000,-0.000001,0.000000,
				0.000000,0.000001,1.000000,0.000000,
				0.000001,4.740731,-0.423628,1.000000;;
			}
				Frame frm-headroot {
					FrameTransformMatrix {
						1.000000,0.000000,-0.000000,0.000000,
						0.000000,1.000000,0.000000,0.000000,
						0.000000,0.000000,1.000000,0.000000,
						0.000002,0.938310,0.087595,1.000000;;
					}
					SI_FrameBasePoseMatrix {
						1.000000,0.000000,-0.000000,0.000000,
						0.000000,1.000000,0.000000,0.000000,
						0.000000,0.000000,1.000000,0.000000,
						0.000002,0.738311,0.087595,1.000000;;
					}
						Frame frm-head {
							FrameTransformMatrix {
								1.000000,0.000000,0.000000,0.000000,
								-0.000000,1.000000,0.000000,0.000000,
								-0.000000,-0.000000,1.000000,0.000000,
								0.000000,1.199864,0.000000,1.000000;;
							}
							SI_FrameBasePoseMatrix {
								1.000000,0.000000,0.000000,0.000000,
								-0.000000,1.000000,0.000000,0.000000,
								-0.000000,-0.000000,1.000000,0.000000,
								0.000000,1.199864,0.000000,1.000000;;
							}
								Frame frm-hp_eyepoint {
									FrameTransformMatrix {
										1.000000,-0.000000,-0.000000,0.000000,
										0.000000,1.000000,0.000000,0.000000,
										0.000000,-0.000000,1.000000,0.000000,
										0.000012,3.287820,2.494529,1.000000;;
									}
									SI_FrameBasePoseMatrix {
										1.000000,-0.000000,-0.000000,0.000000,
										0.000000,1.000000,0.000000,0.000000,
										0.000000,-0.000000,1.000000,0.000000,
										0.000012,3.287820,2.494529,1.000000;;
									}
								}
								Frame frm-mortar {
									FrameTransformMatrix {
										1.000000,0.000002,0.000002,0.000000,
										-0.000002,0.000000,1.000000,0.000000,
										0.000002,-1.000000,0.000000,0.000000,
										0.000017,0.819417,7.705483,1.000000;;
									}
									SI_FrameBasePoseMatrix {
										1.000000,0.000002,0.000002,0.000000,
										-0.000002,0.000000,1.000000,0.000000,
										0.000002,-1.000000,0.000000,0.000000,
										0.000017,0.819417,7.705484,1.000000;;
									}
										Frame frm-hp_mortar_1 {
											FrameTransformMatrix {
												1.000000,-0.000002,0.000002,0.000000,
												0.000002,-0.000001,-1.000000,0.000000,
												0.000002,1.000000,-0.000001,0.000000,
												0.000000,1.000000,-0.000001,1.000000;;
											}
											SI_FrameBasePoseMatrix {
												1.000000,-0.000002,0.000002,0.000000,
												0.000002,-0.000001,-1.000000,0.000000,
												0.000002,1.000000,-0.000001,0.000000,
												0.000000,1.000000,-0.000001,1.000000;;
											}
												Frame frm-hp_gun_1 {
													FrameTransformMatrix {
														1.000000,0.000000,0.000000,0.000000,
														0.000000,1.000000,0.000001,0.000000,
														-0.000000,-0.000001,1.000000,0.000000,
														1.000641,-0.079748,1.044784,1.000000;;
													}
													SI_FrameBasePoseMatrix {
														1.000000,0.000000,0.000000,0.000000,
														0.000000,1.000000,0.000001,0.000000,
														-0.000000,-0.000001,1.000000,0.000000,
														1.000641,-0.079748,1.044785,1.000000;;
													}
												}
												Frame frm-hp_gun_2 {
													FrameTransformMatrix {
														1.000000,0.000000,0.000000,0.000000,
														0.000000,1.000000,0.000001,0.000000,
														-0.000000,-0.000001,1.000000,0.000000,
														-1.000733,-0.079748,1.044780,1.000000;;
													}
													SI_FrameBasePoseMatrix {
														1.000000,0.000000,0.000000,0.000000,
														0.000000,1.000000,0.000001,0.000000,
														-0.000000,-0.000001,1.000000,0.000000,
														-1.000733,-0.079748,1.044781,1.000000;;
													}
												}
												Frame frm-hp_gun_3 {
													FrameTransformMatrix {
														1.000000,0.000000,0.000000,0.000000,
														-0.000000,1.000000,0.000001,0.000000,
														-0.000000,-0.000001,1.000000,0.000000,
														-0.000001,-1.080387,1.044783,1.000000;;
													}
													SI_FrameBasePoseMatrix {
														1.000000,0.000000,0.000000,0.000000,
														-0.000000,1.000000,0.000001,0.000000,
														-0.000000,-0.000001,1.000000,0.000000,
														-0.000001,-1.080387,1.044783,1.000000;;
													}
												}
										}
								}
						}
				}
				Frame frm-hp_smoke {
					FrameTransformMatrix {
						1.000000,-0.000002,0.000001,0.000000,
						0.000001,0.314951,-0.949108,0.000000,
						0.000001,0.949108,0.314951,0.000000,
						0.000000,-1.793630,-2.864609,1.000000;;
					}
					SI_FrameBasePoseMatrix {
						1.000000,-0.000002,0.000001,0.000000,
						0.000001,0.314951,-0.949108,0.000000,
						0.000001,0.949108,0.314951,0.000000,
						0.000000,-1.793630,-2.864608,1.000000;;
					}
				}
		}
		Frame frm-bleg_1_r {
			FrameTransformMatrix {
				-0.774097,0.323284,0.544298,0.000000,
				-0.632815,-0.370907,-0.679686,0.000000,
				-0.017847,-0.870583,0.491698,0.000000,
				-3.992540,4.577705,-3.297573,1.000000;;
			}
			SI_FrameBasePoseMatrix {
				-0.774097,0.323284,0.544298,0.000000,
				-0.632815,-0.370907,-0.679686,0.000000,
				-0.017847,-0.870583,0.491698,0.000000,
				-3.992540,4.577705,-3.297573,1.000000;;
			}
				Frame frm-bleg_2_r {
					FrameTransformMatrix {
						-0.505243,0.545726,-0.668515,0.000000,
						-0.290780,0.621704,0.727276,0.000000,
						0.812512,0.561842,-0.155426,0.000000,
						0.000000,1.583865,-0.000000,1.000000;;
					}
					SI_FrameBasePoseMatrix {
						-0.505243,0.545726,-0.668515,0.000000,
						-0.290780,0.621704,0.727276,0.000000,
						0.812512,0.561842,-0.155426,0.000000,
						0.000000,1.583865,-0.000000,1.000000;;
					}
				}
		}
		Frame frm-bfoot_r {
			FrameTransformMatrix {
				-0.716399,-0.063961,-0.694738,0.000000,
				0.087948,-0.996125,0.001017,0.000000,
				-0.692118,-0.060373,0.719255,0.000000,
				-5.388891,1.908686,-4.859274,1.000000;;
			}
			SI_FrameBasePoseMatrix {
				-0.716399,-0.063961,-0.694738,0.000000,
				0.087948,-0.996125,0.001017,0.000000,
				-0.692118,-0.060373,0.719255,0.000000,
				-5.388891,1.908686,-4.859274,1.000000;;
			}
				Frame frm-btoe_1_r {
					FrameTransformMatrix {
						0.073102,0.997006,0.025224,0.000000,
						0.994147,-0.070829,-0.081588,0.000000,
						-0.079557,0.031041,-0.996347,0.000000,
						0.000000,1.953722,-0.000000,1.000000;;
					}
					SI_FrameBasePoseMatrix {
						0.073102,0.997006,0.025224,0.000000,
						0.994147,-0.070829,-0.081588,0.000000,
						-0.079557,0.031041,-0.996347,0.000000,
						0.000000,1.953722,-0.000000,1.000000;;
					}
				}
				Frame frm-btoe_2_r {
					FrameTransformMatrix {
						-0.077398,-0.994017,-0.077065,0.000000,
						-0.346784,-0.045630,0.936834,0.000000,
						-0.934746,0.099234,-0.341177,0.000000,
						0.000000,1.953722,-0.000000,1.000000;;
					}
					SI_FrameBasePoseMatrix {
						-0.077398,-0.994017,-0.077065,0.000000,
						-0.346784,-0.045630,0.936834,0.000000,
						-0.934746,0.099234,-0.341177,0.000000,
						0.000000,1.953722,-0.000000,1.000000;;
					}
				}
				Frame frm-btoe_3_r {
					FrameTransformMatrix {
						-0.317791,-0.926448,0.201749,0.000000,
						-0.682236,0.075660,-0.727207,0.000000,
						0.658455,-0.368741,-0.656100,0.000000,
						0.000000,1.953722,-0.000000,1.000000;;
					}
					SI_FrameBasePoseMatrix {
						-0.317791,-0.926448,0.201749,0.000000,
						-0.682236,0.075660,-0.727207,0.000000,
						0.658455,-0.368741,-0.656100,0.000000,
						0.000000,1.953722,-0.000000,1.000000;;
					}
				}
		}
		Frame frm-fleg_1_l {
			FrameTransformMatrix {
				-0.034964,-0.797424,-0.602405,0.000000,
				0.650609,-0.475710,0.591952,0.000000,
				-0.758608,-0.371233,0.535444,0.000000,
				3.414836,4.589534,2.493848,1.000000;;
			}
			SI_FrameBasePoseMatrix {
				-0.034964,-0.797424,-0.602405,0.000000,
				0.650609,-0.475710,0.591952,0.000000,
				-0.758608,-0.371233,0.535444,0.000000,
				3.414836,4.589534,2.493848,1.000000;;
			}
				Frame frm-fleg_2_l {
					FrameTransformMatrix {
						0.672935,-0.453043,-0.584731,0.000000,
						0.676936,0.695844,0.239916,0.000000,
						0.298189,-0.557273,0.774939,0.000000,
						-0.000000,1.650585,0.000000,1.000000;;
					}
					SI_FrameBasePoseMatrix {
						0.672935,-0.453043,-0.584731,0.000000,
						0.676936,0.695844,0.239916,0.000000,
						0.298189,-0.557273,0.774939,0.000000,
						-0.000000,1.650585,0.000000,1.000000;;
					}
				}
		}
		Frame frm-ffoot_l {
			FrameTransformMatrix {
				-0.718100,0.039993,-0.694706,0.000000,
				-0.071971,-0.997262,0.016991,0.000000,
				-0.692182,0.062203,0.719033,0.000000,
				5.024009,1.724539,3.758172,1.000000;;
			}
			SI_FrameBasePoseMatrix {
				-0.718100,0.039993,-0.694706,0.000000,
				-0.071971,-0.997262,0.016991,0.000000,
				-0.692182,0.062203,0.719033,0.000000,
				5.024009,1.724539,3.758172,1.000000;;
			}
				Frame frm-ftoe_1_l {
					FrameTransformMatrix {
						-0.051352,0.995998,-0.073150,0.000000,
						-0.997915,-0.054043,-0.035294,0.000000,
						-0.039106,0.071185,0.996696,0.000000,
						-0.000000,1.766833,0.000000,1.000000;;
					}
					SI_FrameBasePoseMatrix {
						-0.051352,0.995998,-0.073150,0.000000,
						-0.997915,-0.054043,-0.035294,0.000000,
						-0.039106,0.071185,0.996696,0.000000,
						-0.000000,1.766833,0.000000,1.000000;;
					}
				}
				Frame frm-ftoe_2_l {
					FrameTransformMatrix {
						0.031119,-0.998072,0.053698,0.000000,
						0.433510,0.061886,0.899021,0.000000,
						-0.900611,-0.004698,0.434600,0.000000,
						-0.000000,1.766833,0.000000,1.000000;;
					}
					SI_FrameBasePoseMatrix {
						0.031119,-0.998072,0.053698,0.000000,
						0.433510,0.061886,0.899021,0.000000,
						-0.900611,-0.004698,0.434600,0.000000,
						-0.000000,1.766833,0.000000,1.000000;;
					}
				}
				Frame frm-ftoe_3_l {
					FrameTransformMatrix {
						-0.103380,0.986980,-0.123216,0.000000,
						0.593664,-0.038166,-0.803808,0.000000,
						-0.798045,-0.156247,-0.581989,0.000000,
						-0.000000,1.766833,0.000000,1.000000;;
					}
					SI_FrameBasePoseMatrix {
						-0.103380,0.986980,-0.123216,0.000000,
						0.593664,-0.038166,-0.803808,0.000000,
						-0.798045,-0.156247,-0.581989,0.000000,
						-0.000000,1.766833,0.000000,1.000000;;
					}
				}
		}
		Frame frm-bleg_1_l {
			FrameTransformMatrix {
				0.774096,0.282820,0.566382,0.000000,
				0.632817,-0.370907,-0.679684,0.000000,
				0.017847,0.884557,-0.466091,0.000000,
				3.992550,4.577705,-3.297561,1.000000;;
			}
			SI_FrameBasePoseMatrix {
				0.774096,0.282820,0.566382,0.000000,
				0.632817,-0.370907,-0.679684,0.000000,
				0.017847,0.884557,-0.466091,0.000000,
				3.992550,4.577705,-3.297561,1.000000;;
			}
				Frame frm-bleg_2_l {
					FrameTransformMatrix {
						0.437602,-0.607777,-0.662655,0.000000,
						-0.256954,0.621704,-0.739904,0.000000,
						0.861673,0.494055,0.115888,0.000000,
						-0.000000,1.583865,-0.000000,1.000000;;
					}
					SI_FrameBasePoseMatrix {
						0.437602,-0.607777,-0.662655,0.000000,
						-0.256954,0.621704,-0.739904,0.000000,
						0.861673,0.494055,0.115888,0.000000,
						-0.000000,1.583865,-0.000000,1.000000;;
					}
				}
		}
		Frame frm-bfoot_l {
			FrameTransformMatrix {
				-0.716379,0.062544,-0.694843,0.000000,
				-0.087948,-0.996124,0.001017,0.000000,
				-0.692116,0.061841,0.719132,0.000000,
				5.388906,1.908686,-4.859258,1.000000;;
			}
			SI_FrameBasePoseMatrix {
				-0.716379,0.062544,-0.694843,0.000000,
				-0.087948,-0.996124,0.001017,0.000000,
				-0.692116,0.061841,0.719132,0.000000,
				5.388906,1.908686,-4.859258,1.000000;;
			}
				Frame frm-btoe_1_l {
					FrameTransformMatrix {
						-0.075254,0.994396,-0.074251,0.000000,
						0.047183,-0.070828,-0.996372,0.000000,
						-0.996048,-0.078485,-0.041588,0.000000,
						-0.000000,1.953722,0.000000,1.000000;;
					}
					SI_FrameBasePoseMatrix {
						-0.075254,0.994396,-0.074251,0.000000,
						0.047183,-0.070828,-0.996372,0.000000,
						-0.996048,-0.078485,-0.041588,0.000000,
						-0.000000,1.953722,0.000000,1.000000;;
					}
				}
				Frame frm-btoe_2_l {
					FrameTransformMatrix {
						0.062171,-0.997568,0.031519,0.000000,
						-0.924295,-0.045632,0.378939,0.000000,
						-0.376579,-0.052692,-0.924885,0.000000,
						-0.000000,1.953722,0.000000,1.000000;;
					}
					SI_FrameBasePoseMatrix {
						0.062171,-0.997568,0.031519,0.000000,
						-0.924295,-0.045632,0.378939,0.000000,
						-0.376579,-0.052692,-0.924885,0.000000,
						-0.000000,1.953722,0.000000,1.000000;;
					}
				}
				Frame frm-btoe_3_l {
					FrameTransformMatrix {
						0.021018,0.990195,-0.138105,0.000000,
						0.750369,0.075660,0.656675,0.000000,
						0.660685,-0.117432,-0.741421,0.000000,
						-0.000000,1.953722,0.000000,1.000000;;
					}
					SI_FrameBasePoseMatrix {
						0.021018,0.990195,-0.138105,0.000000,
						0.750369,0.075660,0.656675,0.000000,
						0.660685,-0.117432,-0.741421,0.000000,
						-0.000000,1.953722,0.000000,1.000000;;
					}
				}
		}
		Frame frm-fleg_1_r {
			FrameTransformMatrix {
				0.034964,0.759895,0.649105,0.000000,
				-0.650611,-0.475710,0.591950,0.000000,
				0.758606,-0.443012,0.477763,0.000000,
				-3.414844,4.589534,2.493837,1.000000;;
			}
			SI_FrameBasePoseMatrix {
				0.034964,0.759895,0.649105,0.000000,
				-0.650611,-0.475710,0.591950,0.000000,
				0.758606,-0.443012,0.477763,0.000000,
				-3.414844,4.589534,2.493837,1.000000;;
			}
				Frame frm-fleg_2_r {
					FrameTransformMatrix {
						0.757527,0.580803,0.298029,0.000000,
						-0.651997,0.695843,0.301168,0.000000,
						-0.032462,-0.422456,0.905802,0.000000,
						0.000000,1.650585,-0.000000,1.000000;;
					}
					SI_FrameBasePoseMatrix {
						0.757527,0.580803,0.298029,0.000000,
						-0.651997,0.695843,0.301168,0.000000,
						-0.032462,-0.422456,0.905802,0.000000,
						0.000000,1.650585,-0.000000,1.000000;;
					}
				}
		}
		Frame frm-ffoot_r {
			FrameTransformMatrix {
				-0.718073,-0.063631,-0.693033,0.000000,
				0.071971,-0.997262,0.016991,0.000000,
				-0.692221,-0.037678,0.720700,0.000000,
				-5.024021,1.724539,3.758157,1.000000;;
			}
			SI_FrameBasePoseMatrix {
				-0.718073,-0.063631,-0.693033,0.000000,
				0.071971,-0.997262,0.016991,0.000000,
				-0.692221,-0.037678,0.720700,0.000000,
				-5.024021,1.724539,3.758157,1.000000;;
			}
				Frame frm-ftoe_1_r {
					FrameTransformMatrix {
						-0.027728,-0.998253,-0.052164,0.000000,
						0.071949,-0.054042,0.995943,0.000000,
						-0.997023,0.023862,0.073322,0.000000,
						0.000000,1.766833,-0.000000,1.000000;;
					}
					SI_FrameBasePoseMatrix {
						-0.027728,-0.998253,-0.052164,0.000000,
						0.071949,-0.054042,0.995943,0.000000,
						-0.997023,0.023862,0.073322,0.000000,
						0.000000,1.766833,-0.000000,1.000000;;
					}
				}
				Frame frm-ftoe_2_r {
					FrameTransformMatrix {
						0.026176,0.995219,0.094097,0.000000,
						-0.914346,0.061885,-0.400177,0.000000,
						-0.404087,-0.075562,0.911594,0.000000,
						0.000000,1.766833,-0.000000,1.000000;;
					}
					SI_FrameBasePoseMatrix {
						0.026176,0.995219,0.094097,0.000000,
						-0.914346,0.061885,-0.400177,0.000000,
						-0.404087,-0.075562,0.911594,0.000000,
						0.000000,1.766833,-0.000000,1.000000;;
					}
				}
				Frame frm-ftoe_3_r {
					FrameTransformMatrix {
						0.016253,0.999033,-0.040839,0.000000,
						0.781479,-0.038171,-0.622762,0.000000,
						-0.623719,-0.021793,-0.781345,0.000000,
						0.000000,1.766833,-0.000000,1.000000;;
					}
					SI_FrameBasePoseMatrix {
						0.016253,0.999033,-0.040839,0.000000,
						0.781479,-0.038171,-0.622762,0.000000,
						-0.623719,-0.021793,-0.781345,0.000000,
						0.000000,1.766833,-0.000000,1.000000;;
					}
				}
		}
}

AnimationSet {
	Animation anim-body {
		{frm-body}
		SI_AnimationKey {
			2;
			5;
			1;3;0.000001,4.740731,-0.423628;;,
			8;3;0.000001,4.240731,-0.423628;;,
			16;3;0.000001,4.740731,-0.423628;;,
			24;3;0.000001,4.240731,-0.423628;;,
			32;3;0.000001,4.740731,-0.423628;;;
		}
		SI_AnimationKey {
			0;
			5;
			1;4;1.000000,0.000000,-0.000000,0.000000;;,
			8;4;1.000000,0.000000,-0.000000,0.000000;;,
			16;4;1.000000,0.000000,-0.000000,0.000000;;,
			24;4;1.000000,0.000000,-0.000000,0.000000;;,
			32;4;1.000000,0.000000,-0.000000,0.000000;;;
		}
	}
	Animation anim-headroot {
		{frm-headroot}
		SI_AnimationKey {
			2;
			5;
			1;3;0.000002,0.738311,0.087595;;,
			8;3;0.000002,0.938310,0.087595;;,
			16;3;0.000002,0.738311,0.087595;;,
			24;3;0.000002,0.938310,0.087595;;,
			32;3;0.000002,0.738311,0.087595;;;
		}
		SI_AnimationKey {
			0;
			5;
			1;4;1.000000,0.000000,-0.000000,-0.000000;;,
			8;4;1.000000,0.000000,-0.000000,-0.000000;;,
			16;4;1.000000,0.000000,-0.000000,-0.000000;;,
			24;4;1.000000,0.000000,-0.000000,-0.000000;;,
			32;4;1.000000,0.000000,-0.000000,-0.000000;;;
		}
	}
	Animation anim-mortar {
		{frm-mortar}
		SI_AnimationKey {
			2;
			5;
			1;3;0.000017,0.819417,7.705484;;,
			8;3;0.000017,0.819417,7.705483;;,
			16;3;0.000017,0.819417,7.705484;;,
			24;3;0.000017,0.819417,7.705483;;,
			32;3;0.000017,0.819417,7.705484;;;
		}
		SI_AnimationKey {
			0;
			5;
			1;4;0.707107,-0.707107,-0.000000,-0.000001;;,
			8;4;0.707107,-0.707107,-0.000000,-0.000001;;,
			16;4;0.707107,-0.707107,-0.000000,-0.000001;;,
			24;4;0.707107,-0.707107,-0.000000,-0.000001;;,
			32;4;0.707107,-0.707107,-0.000000,-0.000001;;;
		}
	}
	Animation anim-bleg_1_r {
		{frm-bleg_1_r}
		SI_AnimationKey {
			2;
			5;
			1;3;-3.992540,4.577705,-3.297573;;,
			8;3;-3.992540,4.577705,-3.297573;;,
			16;3;-3.992540,4.577705,-3.297573;;,
			24;3;-3.476056,6.233456,-3.297573;;,
			32;3;-3.992540,4.577705,-3.297573;;;
		}
		SI_AnimationKey {
			0;
			5;
			1;4;0.294403,-0.162105,0.477360,-0.811896;;,
			8;4;0.294403,-0.162105,0.477360,-0.811896;;,
			16;4;0.294403,-0.162105,0.477360,-0.811896;;,
			24;4;0.524919,-0.011058,0.504013,-0.685790;;,
			32;4;0.294403,-0.162105,0.477360,-0.811896;;;
		}
	}
	Animation anim-bleg_2_r {
		{frm-bleg_2_r}
		SI_AnimationKey {
			2;
			5;
			1;3;0.000000,1.583865,-0.000000;;,
			8;3;0.000000,1.583865,-0.000000;;,
			16;3;0.000000,1.583865,-0.000000;;,
			24;3;0.000000,1.583865,-0.000000;;,
			32;3;0.000000,1.583865,-0.000000;;;
		}
		SI_AnimationKey {
			0;
			5;
			1;4;0.490162,-0.084377,-0.755376,-0.426648;;,
			8;4;0.490162,-0.084377,-0.755376,-0.426648;;,
			16;4;0.490162,-0.084377,-0.755376,-0.426648;;,
			24;4;0.510758,-0.049664,-0.706842,-0.486862;;,
			32;4;0.490162,-0.084377,-0.755376,-0.426648;;;
		}
	}
	Animation anim-bfoot_r {
		{frm-bfoot_r}
		SI_AnimationKey {
			2;
			6;
			1;3;-5.388891,1.908686,-4.859274;;,
			8;3;-5.388891,1.908686,-4.859274;;,
			16;3;-5.388891,1.908686,-4.859274;;,
			24;3;-5.869557,4.404628,-4.859277;;,
			29;3;-5.724706,3.652463,-4.859276;;,
			32;3;-5.388891,1.908686,-4.859274;;;
		}
		SI_AnimationKey {
			0;
			6;
			1;4;0.040956,-0.374322,-0.016067,0.926254;;,
			8;4;0.043316,-0.551473,-0.007548,0.833033;;,
			16;4;0.040956,-0.374322,-0.016067,0.926254;;,
			24;4;0.240500,-0.361982,-0.096665,0.895424;;,
			29;4;0.061029,-0.373887,-0.024157,0.925149;;,
			32;4;0.040956,-0.374322,-0.016067,0.926254;;;
		}
	}
	Animation anim-btoe_1_r {
		{frm-btoe_1_r}
		SI_AnimationKey {
			2;
			5;
			1;3;0.000000,1.953722,-0.000000;;,
			8;3;0.000001,1.953722,-0.000000;;,
			16;3;0.000000,1.953722,-0.000000;;,
			24;3;-0.000001,1.953721,-0.000000;;,
			32;3;0.000000,1.953722,-0.000000;;;
		}
		SI_AnimationKey {
			0;
			5;
			1;4;0.038494,0.731484,0.680518,-0.018570;;,
			8;4;0.038494,0.731484,0.680518,-0.018569;;,
			16;4;0.038494,0.731484,0.680518,-0.018570;;,
			24;4;0.041988,0.530429,0.846652,-0.007974;;,
			32;4;0.038494,0.731484,0.680518,-0.018570;;;
		}
	}
	Animation anim-btoe_2_r {
		{frm-btoe_2_r}
		SI_AnimationKey {
			2;
			5;
			1;3;0.000000,1.953722,-0.000000;;,
			8;3;0.000001,1.953722,-0.000000;;,
			16;3;0.000000,1.953722,-0.000000;;,
			24;3;-0.000001,1.953721,-0.000000;;,
			32;3;0.000000,1.953722,-0.000000;;;
		}
		SI_AnimationKey {
			0;
			5;
			1;4;0.365990,-0.572147,0.585864,0.442111;;,
			8;4;0.365990,-0.572147,0.585864,0.442111;;,
			16;4;0.365990,-0.572147,0.585864,0.442111;;,
			24;4;0.467946,-0.401018,0.713984,0.332322;;,
			32;4;0.365990,-0.572147,0.585864,0.442111;;;
		}
	}
	Animation anim-btoe_3_r {
		{frm-btoe_3_r}
		SI_AnimationKey {
			2;
			5;
			1;3;0.000000,1.953722,-0.000000;;,
			8;3;0.000001,1.953722,-0.000000;;,
			16;3;0.000000,1.953722,-0.000000;;,
			24;3;-0.000001,1.953721,-0.000000;;,
			32;3;0.000000,1.953722,-0.000000;;;
		}
		SI_AnimationKey {
			0;
			5;
			1;4;0.159506,0.561838,-0.715812,0.382764;;,
			8;4;0.159506,0.561838,-0.715813,0.382764;;,
			16;4;0.159506,0.561838,-0.715812,0.382764;;,
			24;4;0.253137,0.357428,-0.836836,0.328440;;,
			32;4;0.159506,0.561838,-0.715812,0.382764;;;
		}
	}
	Animation anim-fleg_1_l {
		{frm-fleg_1_l}
		SI_AnimationKey {
			2;
			5;
			1;3;3.414836,4.589534,2.493848;;,
			8;3;3.414836,4.589534,2.493848;;,
			16;3;3.414836,4.589534,2.493848;;,
			24;3;2.947483,6.000029,2.493846;;,
			32;3;3.414836,4.589534,2.493848;;;
		}
		SI_AnimationKey {
			0;
			5;
			1;4;0.506155,-0.475737,0.077152,0.715213;;,
			8;4;0.506155,-0.475737,0.077152,0.715213;;,
			16;4;0.506155,-0.475737,0.077152,0.715213;;,
			24;4;0.697797,-0.476918,-0.069476,0.529907;;,
			32;4;0.506155,-0.475737,0.077152,0.715213;;;
		}
	}
	Animation anim-fleg_2_l {
		{frm-fleg_2_l}
		SI_AnimationKey {
			2;
			5;
			1;3;-0.000000,1.650585,0.000000;;,
			8;3;-0.000000,1.650585,0.000000;;,
			16;3;-0.000000,1.650585,0.000000;;,
			24;3;0.000000,1.650585,-0.000000;;,
			32;3;-0.000000,1.650585,0.000000;;;
		}
		SI_AnimationKey {
			0;
			5;
			1;4;0.886526,-0.224807,-0.248983,0.318653;;,
			8;4;0.886526,-0.224807,-0.248983,0.318653;;,
			16;4;0.886526,-0.224807,-0.248983,0.318653;;,
			24;4;0.869325,-0.298556,-0.208537,0.334142;;,
			32;4;0.886526,-0.224807,-0.248983,0.318653;;;
		}
	}
	Animation anim-ffoot_l {
		{frm-ffoot_l}
		SI_AnimationKey {
			2;
			6;
			1;3;5.024009,1.724539,3.758172;;,
			8;3;5.024009,1.724539,3.758172;;,
			16;3;5.024009,1.724539,3.758172;;,
			24;3;5.616688,4.083528,3.758170;;,
			29;3;5.438082,3.372635,3.758171;;,
			32;3;5.024009,1.724539,3.758172;;;
		}
		SI_AnimationKey {
			0;
			6;
			1;4;0.029886,0.374217,-0.021701,-0.926605;;,
			8;4;0.033479,0.551438,-0.015076,-0.833408;;,
			16;4;0.029886,0.374217,-0.021701,-0.926605;;,
			24;4;0.230008,0.360714,-0.101891,-0.898109;;,
			29;4;0.050082,0.373662,-0.029668,-0.925737;;,
			32;4;0.029886,0.374217,-0.021701,-0.926605;;;
		}
	}
	Animation anim-ftoe_1_l {
		{frm-ftoe_1_l}
		SI_AnimationKey {
			2;
			5;
			1;3;-0.000000,1.766833,0.000000;;,
			8;3;0.000000,1.766833,-0.000001;;,
			16;3;-0.000000,1.766833,0.000000;;,
			24;3;0.000000,1.766833,0.000000;;,
			32;3;-0.000000,1.766833,0.000000;;;
		}
		SI_AnimationKey {
			0;
			5;
			1;4;0.687623,0.038713,-0.012377,-0.724930;;,
			8;4;0.687623,0.038713,-0.012377,-0.724929;;,
			16;4;0.687623,0.038713,-0.012377,-0.724930;;,
			24;4;0.851818,0.040601,-0.001938,-0.522258;;,
			32;4;0.687623,0.038713,-0.012377,-0.724930;;;
		}
	}
	Animation anim-ftoe_2_l {
		{frm-ftoe_2_l}
		SI_AnimationKey {
			2;
			5;
			1;3;-0.000000,1.766833,0.000000;;,
			8;3;0.000000,1.766833,-0.000001;;,
			16;3;-0.000000,1.766833,0.000000;;,
			24;3;0.000000,1.766833,0.000000;;,
			32;3;-0.000000,1.766833,0.000000;;;
		}
		SI_AnimationKey {
			0;
			5;
			1;4;0.617982,-0.365593,0.386059,0.579136;;,
			8;4;0.617982,-0.365593,0.386059,0.579136;;,
			16;4;0.617982,-0.365593,0.386059,0.579136;;,
			24;4;0.746817,-0.253219,0.467525,0.399456;;,
			32;4;0.617982,-0.365593,0.386059,0.579136;;;
		}
	}
	Animation anim-ftoe_3_l {
		{frm-ftoe_3_l}
		SI_AnimationKey {
			2;
			5;
			1;3;-0.000000,1.766833,0.000000;;,
			8;3;0.000000,1.766833,-0.000001;;,
			16;3;-0.000000,1.766833,0.000000;;,
			24;3;0.000000,1.766833,0.000000;;,
			32;3;-0.000000,1.766833,0.000000;;;
		}
		SI_AnimationKey {
			0;
			5;
			1;4;0.262899,0.615787,0.641717,-0.374018;;,
			8;4;0.262900,0.615787,0.641717,-0.374018;;,
			16;4;0.262899,0.615787,0.641717,-0.374018;;,
			24;4;0.350741,0.428712,0.779230,-0.293236;;,
			32;4;0.262899,0.615787,0.641717,-0.374018;;;
		}
	}
	Animation anim-bleg_1_l {
		{frm-bleg_1_l}
		SI_AnimationKey {
			2;
			5;
			1;3;3.992550,4.577705,-3.297561;;,
			8;3;3.476066,6.233456,-3.297563;;,
			16;3;3.992550,4.577705,-3.297561;;,
			24;3;3.992550,4.577705,-3.297561;;,
			32;3;3.992550,4.577705,-3.297561;;;
		}
		SI_AnimationKey {
			0;
			5;
			1;4;0.484019,0.807944,0.283323,0.180776;;,
			8;4;0.515977,0.685353,0.513164,0.026862;;,
			16;4;0.484019,0.807944,0.283323,0.180776;;,
			24;4;0.484019,0.807944,0.283323,0.180776;;,
			32;4;0.484019,0.807944,0.283323,0.180776;;;
		}
	}
	Animation anim-bleg_2_l {
		{frm-bleg_2_l}
		SI_AnimationKey {
			2;
			5;
			1;3;-0.000000,1.583865,-0.000000;;,
			8;3;0.000000,1.583864,-0.000000;;,
			16;3;-0.000000,1.583865,-0.000000;;,
			24;3;-0.000000,1.583865,-0.000000;;,
			32;3;-0.000000,1.583865,-0.000000;;;
		}
		SI_AnimationKey {
			0;
			5;
			1;4;0.737427,0.418333,-0.516772,0.118935;;,
			8;4;0.688189,0.481181,-0.535625,0.089254;;,
			16;4;0.737427,0.418333,-0.516772,0.118935;;,
			24;4;0.737427,0.418333,-0.516772,0.118935;;,
			32;4;0.737427,0.418333,-0.516772,0.118935;;;
		}
	}
	Animation anim-bfoot_l {
		{frm-bfoot_l}
		SI_AnimationKey {
			2;
			6;
			1;3;5.388906,1.908686,-4.859258;;,
			8;3;5.869572,4.404628,-4.859259;;,
			13;3;5.724721,3.652464,-4.859258;;,
			16;3;5.388906,1.908686,-4.859258;;,
			24;3;5.388906,1.908686,-4.859258;;,
			32;3;5.388906,1.908686,-4.859258;;;
		}
		SI_AnimationKey {
			0;
			6;
			1;4;0.040443,0.374368,-0.017149,-0.926239;;,
			8;4;0.240103,0.361824,-0.097618,-0.895491;;,
			13;4;0.061721,0.373990,-0.028115,-0.924949;;,
			16;4;0.040443,0.374368,-0.017149,-0.926239;;,
			24;4;0.042966,0.551516,-0.008620,-0.833013;;,
			32;4;0.040443,0.374368,-0.017149,-0.926239;;;
		}
	}
	Animation anim-btoe_1_l {
		{frm-btoe_1_l}
		SI_AnimationKey {
			2;
			5;
			1;3;-0.000000,1.953722,0.000000;;,
			8;3;0.000000,1.953721,-0.000000;;,
			16;3;-0.000000,1.953722,0.000000;;,
			24;3;0.000000,1.953722,-0.000000;;,
			32;3;-0.000000,1.953722,0.000000;;;
		}
		SI_AnimationKey {
			0;
			5;
			1;4;0.450647,0.509206,0.511374,-0.525475;;,
			8;4;0.571294,0.359501,0.625742,-0.390934;;,
			16;4;0.450647,0.509206,0.511374,-0.525475;;,
			24;4;0.450647,0.509206,0.511374,-0.525474;;,
			32;4;0.450647,0.509206,0.511374,-0.525475;;;
		}
	}
	Animation anim-btoe_2_l {
		{frm-btoe_2_l}
		SI_AnimationKey {
			2;
			5;
			1;3;-0.000000,1.953722,0.000000;;,
			8;3;0.000000,1.953721,-0.000000;;,
			16;3;-0.000000,1.953722,0.000000;;,
			24;3;0.000000,1.953722,-0.000000;;,
			32;3;-0.000000,1.953722,0.000000;;;
		}
		SI_AnimationKey {
			0;
			5;
			1;4;0.151372,-0.712862,0.673996,0.121012;;,
			8;4;0.177533,-0.514128,0.835533,0.077714;;,
			16;4;0.151372,-0.712862,0.673996,0.121012;;,
			24;4;0.151372,-0.712862,0.673996,0.121012;;,
			32;4;0.151372,-0.712862,0.673996,0.121012;;;
		}
	}
	Animation anim-btoe_3_l {
		{frm-btoe_3_l}
		SI_AnimationKey {
			2;
			5;
			1;3;-0.000000,1.953722,0.000000;;,
			8;3;0.000000,1.953721,-0.000000;;,
			16;3;-0.000000,1.953722,0.000000;;,
			24;3;0.000000,1.953722,-0.000000;;,
			32;3;-0.000000,1.953722,0.000000;;;
		}
		SI_AnimationKey {
			0;
			5;
			1;4;0.298017,-0.649380,-0.670086,-0.201184;;,
			8;4;0.339930,-0.453821,-0.815327,-0.117200;;,
			16;4;0.298017,-0.649380,-0.670086,-0.201184;;,
			24;4;0.298017,-0.649380,-0.670086,-0.201184;;,
			32;4;0.298017,-0.649380,-0.670086,-0.201184;;;
		}
	}
	Animation anim-fleg_1_r {
		{frm-fleg_1_r}
		SI_AnimationKey {
			2;
			5;
			1;3;-3.414844,4.589534,2.493837;;,
			8;3;-2.947490,6.000029,2.493837;;,
			16;3;-3.414844,4.589534,2.493837;;,
			24;3;-3.414844,4.589534,2.493837;;,
			32;3;-3.414844,4.589534,2.493837;;;
		}
		SI_AnimationKey {
			0;
			5;
			1;4;0.509170,-0.508161,-0.053764,-0.692551;;,
			8;4;0.693858,-0.500809,0.101531,-0.507388;;,
			16;4;0.509170,-0.508161,-0.053764,-0.692551;;,
			24;4;0.509170,-0.508161,-0.053764,-0.692551;;,
			32;4;0.509170,-0.508161,-0.053764,-0.692551;;;
		}
	}
	Animation anim-fleg_2_r {
		{frm-fleg_2_r}
		SI_AnimationKey {
			2;
			5;
			1;3;0.000000,1.650585,-0.000000;;,
			8;3;0.000000,1.650585,-0.000000;;,
			16;3;0.000000,1.650585,-0.000000;;,
			24;3;0.000000,1.650585,-0.000000;;,
			32;3;0.000000,1.650585,-0.000000;;;
		}
		SI_AnimationKey {
			0;
			5;
			1;4;0.916402,-0.197409,0.090160,-0.336315;;,
			8;4;0.892394,-0.269607,0.053344,-0.357909;;,
			16;4;0.916402,-0.197409,0.090160,-0.336315;;,
			24;4;0.916402,-0.197409,0.090160,-0.336315;;,
			32;4;0.916402,-0.197409,0.090160,-0.336315;;;
		}
	}
	Animation anim-ffoot_r {
		{frm-ffoot_r}
		SI_AnimationKey {
			2;
			6;
			1;3;-5.024021,1.724539,3.758157;;,
			8;3;-5.616700,4.083528,3.758153;;,
			13;3;-5.438093,3.372635,3.758154;;,
			16;3;-5.024021,1.724539,3.758157;;,
			24;3;-5.024021,1.724539,3.758157;;,
			32;3;-5.024021,1.724539,3.758157;;;
		}
		SI_AnimationKey {
			0;
			6;
			1;4;0.036516,-0.373659,-0.005643,0.926830;;,
			8;4;0.236303,-0.363595,-0.086331,0.896943;;,
			13;4;0.057787,-0.373595,-0.016687,0.925640;;,
			16;4;0.036516,-0.373659,-0.005643,0.926830;;,
			24;4;0.036875,-0.550939,0.001790,0.833729;;,
			32;4;0.036516,-0.373659,-0.005643,0.926830;;;
		}
	}
	Animation anim-ftoe_1_r {
		{frm-ftoe_1_r}
		SI_AnimationKey {
			2;
			5;
			1;3;0.000000,1.766833,-0.000000;;,
			8;3;0.000000,1.766833,-0.000000;;,
			16;3;0.000000,1.766833,-0.000000;;,
			24;3;0.000000,1.766833,0.000001;;,
			32;3;0.000000,1.766833,-0.000000;;;
		}
		SI_AnimationKey {
			0;
			5;
			1;4;0.497884,-0.488106,0.474438,0.537376;;,
			8;4;0.620002,-0.348682,0.584602,0.390203;;,
			16;4;0.497884,-0.488106,0.474438,0.537376;;,
			24;4;0.497884,-0.488106,0.474438,0.537376;;,
			32;4;0.497884,-0.488106,0.474438,0.537376;;;
		}
	}
	Animation anim-ftoe_2_r {
		{frm-ftoe_2_r}
		SI_AnimationKey {
			2;
			5;
			1;3;0.000000,1.766833,-0.000000;;,
			8;3;0.000000,1.766833,-0.000000;;,
			16;3;0.000000,1.766833,-0.000000;;,
			24;3;0.000000,1.766833,0.000001;;,
			32;3;0.000000,1.766833,-0.000000;;;
		}
		SI_AnimationKey {
			0;
			5;
			1;4;0.707046,0.114779,0.176150,-0.675191;;,
			8;4;0.857706,0.065277,0.199854,-0.469188;;,
			16;4;0.707046,0.114779,0.176150,-0.675191;;,
			24;4;0.707046,0.114779,0.176150,-0.675191;;,
			32;4;0.707046,0.114779,0.176150,-0.675191;;;
		}
	}
	Animation anim-ftoe_3_r {
		{frm-ftoe_3_r}
		SI_AnimationKey {
			2;
			5;
			1;3;0.000000,1.766833,-0.000000;;,
			8;3;0.000000,1.766833,-0.000000;;,
			16;3;0.000000,1.766833,-0.000000;;,
			24;3;0.000000,1.766833,0.000001;;,
			32;3;0.000000,1.766833,-0.000000;;;
		}
		SI_AnimationKey {
			0;
			5;
			1;4;0.221775,0.677453,0.657062,-0.245241;;,
			8;4;0.277691,0.484308,0.810011,-0.179487;;,
			16;4;0.221775,0.677453,0.657062,-0.245241;;,
			24;4;0.221775,0.677453,0.657062,-0.245241;;,
			32;4;0.221775,0.677453,0.657062,-0.245241;;;
		}
	}
}

SI_EnvelopeList {
	32;
	SI_Envelope {
		"frm-bodymesh";
		"frm-fleg_2_r";
		7;
		64;50.000000;,
		65;50.000000;,
		66;50.000000;,
		67;100.000000;,
		68;100.000000;,
		69;100.000000;,
		75;100.000000;;
	}
	SI_Envelope {
		"frm-bodymesh";
		"frm-ftoe_1_l";
		9;
		164;25.000000;,
		168;25.000000;,
		170;25.000000;,
		171;25.000000;,
		180;75.000000;,
		181;75.000000;,
		182;75.000000;,
		183;75.000000;,
		192;100.000000;;
	}
	SI_Envelope {
		"frm-bodymesh";
		"frm-ftoe_2_l";
		9;
		176;25.000000;,
		177;25.000000;,
		178;25.000000;,
		179;25.000000;,
		188;75.000000;,
		189;75.000000;,
		190;75.000000;,
		191;75.000000;,
		194;100.000000;;
	}
	SI_Envelope {
		"frm-bodymesh";
		"frm-btoe_2_r";
		9;
		90;25.000000;,
		91;25.000000;,
		92;25.000000;,
		93;25.000000;,
		102;75.000000;,
		103;75.000000;,
		104;75.000000;,
		105;75.000000;,
		108;100.000000;;
	}
	SI_Envelope {
		"frm-bodymesh";
		"frm-fleg_1_l";
		7;
		119;75.000000;,
		155;50.000000;,
		201;100.000000;,
		202;100.000000;,
		203;75.000000;,
		204;75.000000;,
		205;100.000000;;
	}
	SI_Envelope {
		"frm-bodymesh";
		"frm-ftoe_2_r";
		9;
		45;25.000000;,
		46;25.000000;,
		47;25.000000;,
		48;25.000000;,
		57;75.000000;,
		58;75.000000;,
		59;75.000000;,
		60;75.000000;,
		63;100.000000;;
	}
	SI_Envelope {
		"frm-bodymesh";
		"frm-ftoe_3_l";
		9;
		172;25.000000;,
		173;25.000000;,
		174;25.000000;,
		175;25.000000;,
		184;75.000000;,
		185;75.000000;,
		186;75.000000;,
		187;75.000000;,
		193;100.000000;;
	}
	SI_Envelope {
		"frm-bodymesh";
		"frm-ftoe_3_r";
		9;
		41;25.000000;,
		42;25.000000;,
		43;25.000000;,
		44;25.000000;,
		53;75.000000;,
		54;75.000000;,
		55;74.999994;,
		56;74.999994;,
		62;100.000000;;
	}
	SI_Envelope {
		"frm-bodymesh";
		"frm-btoe_2_l";
		9;
		221;25.000000;,
		222;25.000000;,
		223;25.000000;,
		224;25.000000;,
		233;75.000000;,
		234;75.000000;,
		235;75.000000;,
		236;75.000000;,
		239;100.000000;;
	}
	SI_Envelope {
		"frm-bodymesh";
		"frm-bleg_1_r";
		7;
		9;75.000000;,
		10;75.000000;,
		19;75.000000;,
		25;50.000000;,
		115;100.000000;,
		116;100.000000;,
		117;100.000000;;
	}
	SI_Envelope {
		"frm-bodymesh";
		"frm-btoe_1_r";
		9;
		78;25.000000;,
		82;25.000000;,
		84;25.000000;,
		85;25.000000;,
		94;75.000000;,
		95;75.000000;,
		96;75.000000;,
		97;75.000000;,
		106;100.000000;;
	}
	SI_Envelope {
		"frm-bodymesh";
		"frm-btoe_3_l";
		9;
		217;25.000000;,
		218;25.000000;,
		219;25.000000;,
		220;25.000000;,
		229;75.000000;,
		230;75.000000;,
		231;75.000000;,
		232;75.000000;,
		238;100.000000;;
	}
	SI_Envelope {
		"frm-bodymesh";
		"frm-btoe_1_l";
		9;
		209;25.000000;,
		213;25.000000;,
		215;25.000000;,
		216;25.000000;,
		225;75.000000;,
		226;75.000000;,
		227;75.000000;,
		228;75.000000;,
		237;100.000000;;
	}
	SI_Envelope {
		"frm-bodymesh";
		"frm-bfoot_r";
		33;
		76;100.000000;,
		77;100.000000;,
		78;75.000000;,
		79;100.000000;,
		80;100.000000;,
		81;100.000000;,
		82;75.000000;,
		83;100.000000;,
		84;75.000000;,
		85;75.000000;,
		86;75.000000;,
		87;75.000000;,
		88;75.000000;,
		89;75.000000;,
		90;75.000000;,
		91;75.000000;,
		92;75.000000;,
		93;75.000000;,
		94;25.000000;,
		95;25.000000;,
		96;25.000000;,
		97;25.000000;,
		98;25.000000;,
		99;25.000000;,
		100;25.000000;,
		101;25.000000;,
		102;25.000000;,
		103;25.000000;,
		104;25.000000;,
		105;25.000000;,
		109;50.000000;,
		110;50.000000;,
		111;50.000000;;
	}
	SI_Envelope {
		"frm-bodymesh";
		"frm-bleg_2_r";
		7;
		109;50.000000;,
		110;50.000000;,
		111;50.000000;,
		112;100.000000;,
		113;100.000000;,
		114;100.000000;,
		118;100.000000;;
	}
	SI_Envelope {
		"frm-bodymesh";
		"frm-ffoot_l";
		33;
		162;100.000000;,
		163;100.000000;,
		164;75.000000;,
		165;100.000000;,
		166;100.000000;,
		167;100.000000;,
		168;75.000000;,
		169;100.000000;,
		170;75.000000;,
		171;75.000000;,
		172;75.000000;,
		173;75.000000;,
		174;75.000000;,
		175;75.000000;,
		176;75.000000;,
		177;75.000000;,
		178;75.000000;,
		179;75.000000;,
		180;25.000000;,
		181;25.000000;,
		182;25.000000;,
		183;25.000000;,
		184;25.000000;,
		185;25.000000;,
		186;25.000000;,
		187;25.000000;,
		188;25.000000;,
		189;25.000000;,
		190;25.000000;,
		191;25.000000;,
		195;50.000000;,
		196;50.000000;,
		197;50.000000;;
	}
	SI_Envelope {
		"frm-bodymesh";
		"frm-bleg_2_l";
		7;
		240;50.000000;,
		241;50.000000;,
		242;50.000000;,
		243;100.000000;,
		244;100.000000;,
		245;100.000000;,
		249;100.000000;;
	}
	SI_Envelope {
		"frm-bodymesh";
		"frm-ffoot_r";
		33;
		31;100.000000;,
		32;100.000000;,
		33;75.000000;,
		34;100.000000;,
		35;100.000000;,
		36;100.000000;,
		37;75.000000;,
		38;100.000000;,
		39;75.000000;,
		40;75.000000;,
		41;75.000000;,
		42;75.000000;,
		43;75.000000;,
		44;75.000000;,
		45;75.000000;,
		46;75.000000;,
		47;75.000000;,
		48;75.000000;,
		49;25.000000;,
		50;25.000000;,
		51;25.000000;,
		52;25.000000;,
		53;25.000000;,
		54;25.000000;,
		55;25.000000;,
		56;25.000000;,
		57;25.000000;,
		58;25.000000;,
		59;25.000000;,
		60;25.000000;,
		64;50.000000;,
		65;50.000000;,
		66;50.000000;;
	}
	SI_Envelope {
		"frm-bodymesh";
		"frm-fleg_2_l";
		7;
		195;50.000000;,
		196;50.000000;,
		197;50.000000;,
		198;100.000000;,
		199;100.000000;,
		200;100.000000;,
		206;100.000000;;
	}
	SI_Envelope {
		"frm-bodymesh";
		"frm-fleg_1_r";
		7;
		0;75.000000;,
		26;50.000000;,
		70;100.000000;,
		71;100.000000;,
		72;75.000000;,
		73;75.000000;,
		74;100.000000;;
	}
	SI_Envelope {
		"frm-bodymesh";
		"frm-body";
		78;
		0;25.000000;,
		1;100.000000;,
		2;100.000000;,
		3;100.000000;,
		4;100.000000;,
		5;100.000000;,
		6;100.000000;,
		7;100.000000;,
		8;100.000000;,
		9;25.000000;,
		10;25.000000;,
		11;100.000000;,
		12;100.000000;,
		13;100.000000;,
		14;100.000000;,
		15;100.000000;,
		16;100.000000;,
		17;100.000000;,
		18;100.000000;,
		19;25.000000;,
		20;100.000000;,
		21;100.000000;,
		22;100.000000;,
		23;100.000000;,
		24;100.000000;,
		25;50.000000;,
		26;50.000000;,
		27;100.000000;,
		28;100.000000;,
		29;100.000000;,
		30;100.000000;,
		72;25.000000;,
		73;25.000000;,
		119;25.000000;,
		120;100.000000;,
		121;100.000000;,
		122;100.000000;,
		123;100.000000;,
		124;100.000000;,
		125;100.000000;,
		126;100.000000;,
		127;100.000000;,
		128;100.000000;,
		129;100.000000;,
		130;100.000000;,
		131;100.000000;,
		132;100.000000;,
		133;100.000000;,
		134;100.000000;,
		135;100.000000;,
		136;25.000000;,
		137;25.000000;,
		138;100.000000;,
		139;100.000000;,
		140;100.000000;,
		141;100.000000;,
		142;100.000000;,
		143;100.000000;,
		144;100.000000;,
		145;100.000000;,
		146;25.000000;,
		147;100.000000;,
		148;100.000000;,
		149;100.000000;,
		150;100.000000;,
		151;100.000000;,
		152;100.000000;,
		153;100.000000;,
		154;50.000000;,
		155;50.000000;,
		156;100.000000;,
		157;100.000000;,
		158;100.000000;,
		159;100.000000;,
		160;100.000000;,
		161;100.000000;,
		203;25.000000;,
		204;25.000000;;
	}
	SI_Envelope {
		"frm-bodymesh";
		"frm-ftoe_1_r";
		9;
		33;25.000000;,
		37;25.000000;,
		39;25.000000;,
		40;25.000000;,
		49;75.000000;,
		50;75.000000;,
		51;75.000000;,
		52;75.000000;,
		61;100.000000;;
	}
	SI_Envelope {
		"frm-bodymesh";
		"frm-bfoot_l";
		33;
		207;100.000000;,
		208;100.000000;,
		209;75.000000;,
		210;100.000000;,
		211;100.000000;,
		212;100.000000;,
