xsi 0101txt 0032

SI_CoordinateSystem coord {
	1;
	0;
	1;
	0;
	2;
	5;
}

Frame frm-hp_bones {
	FrameTransformMatrix {
		1.000000,0.000002,0.000000,0.000000,
		-0.000002,1.000000,-0.000001,0.000000,
		-0.000000,0.000001,1.000000,0.000000,
		0.000000,0.000000,0.000000,1.000000;;
	}
		Frame frm-bodymesh {
			FrameTransformMatrix {
				1.000000,0.000000,0.000000,0.000000,
				0.000000,1.000000,0.000000,0.000000,
				0.000000,0.000000,1.000000,0.000000,
				0.000001,4.815176,-0.606131,1.000000;;
			}
				Frame frm-headmesh {
					FrameTransformMatrix {
						1.000000,0.000000,0.000000,0.000000,
						0.000000,1.000000,-0.000000,0.000000,
						0.000000,0.000000,1.000000,0.000000,
						0.000002,1.363866,0.270096,1.000000;;
					}
						Frame frm-cockpit {
							FrameTransformMatrix {
								1.000000,-0.000000,-0.000000,0.000000,
								0.000000,1.000000,0.000001,0.000000,
								0.000000,-0.000001,1.000000,0.000000,
								0.000012,3.487686,2.494526,1.000000;;
							}
						}
						Frame frm-mortar {
							FrameTransformMatrix {
								1.000000,-0.000000,-0.000000,0.000000,
								0.000000,1.000000,0.000000,0.000000,
								0.000000,-0.000000,1.000000,0.000000,
								0.000778,0.785871,7.571625,1.000000;;
							}
						}
				}
				Frame frm-hp_com {
					FrameTransformMatrix {
						-0.544605,-0.000000,-0.000001,0.000000,
						-0.000001,0.000000,0.544605,0.000000,
						-0.000000,0.544605,-0.000000,0.000000,
						-0.000000,-0.574444,0.182503,1.000000;;
					}
				}
		}
		Frame frm-body {
			FrameTransformMatrix {
				1.000000,-0.000000,-0.000000,0.000000,
				0.000000,1.000000,-0.000001,0.000000,
				0.000000,0.000001,1.000000,0.000000,
				0.000001,4.240731,-0.423628,1.000000;;
			}
			SI_FrameBasePoseMatrix {
				0.999848,-0.000000,-0.017452,0.000000,
				-0.000000,1.000000,-0.000001,0.000000,
				0.017452,0.000001,0.999848,0.000000,
				0.000000,4.440732,-0.123628,1.000000;;
			}
				Frame frm-headroot {
					FrameTransformMatrix {
						1.000000,0.000000,-0.000000,0.000000,
						0.000000,1.000000,0.000000,0.000000,
						0.000000,0.000000,1.000000,0.000000,
						0.000002,0.938310,0.087595,1.000000;;
					}
					SI_FrameBasePoseMatrix {
						0.998478,0.052336,0.017428,0.000000,
						-0.052328,0.998630,-0.000913,0.000000,
						-0.017452,0.000000,0.999848,0.000000,
						-0.040161,0.737299,0.086907,1.000000;;
					}
						Frame frm-head {
							FrameTransformMatrix {
								1.000000,0.000000,0.000000,0.000000,
								-0.000000,1.000000,0.000000,0.000000,
								-0.000000,-0.000000,1.000000,0.000000,
								0.000000,1.199864,0.000000,1.000000;;
							}
							SI_FrameBasePoseMatrix {
								1.000000,0.000000,0.000000,0.000000,
								0.000000,1.000000,0.000000,0.000000,
								-0.000000,-0.000000,1.000000,0.000000,
								0.000000,1.199864,-0.000000,1.000000;;
							}
								Frame frm-hp_eyepoint {
									FrameTransformMatrix {
										1.000000,-0.000000,-0.000000,0.000000,
										0.000000,1.000000,0.000000,0.000000,
										0.000000,-0.000000,1.000000,0.000000,
										0.000012,3.287820,2.494529,1.000000;;
									}
									SI_FrameBasePoseMatrix {
										1.000000,-0.000000,-0.000000,0.000000,
										0.000000,1.000000,0.000000,0.000000,
										0.000000,-0.000000,1.000000,0.000000,
										0.000012,3.287819,2.494529,1.000000;;
									}
								}
								Frame frm-mortar {
									FrameTransformMatrix {
										1.000000,0.000002,0.000002,0.000000,
										-0.000002,0.000000,1.000000,0.000000,
										0.000002,-1.000000,0.000000,0.000000,
										0.000017,0.819417,7.705483,1.000000;;
									}
									SI_FrameBasePoseMatrix {
										1.000000,0.000002,0.000002,0.000000,
										-0.000002,0.000000,1.000000,0.000000,
										0.000002,-1.000000,0.000000,0.000000,
										0.000017,0.819417,7.705483,1.000000;;
									}
										Frame frm-hp_mortar_1 {
											FrameTransformMatrix {
												1.000000,-0.000002,0.000002,0.000000,
												0.000002,-0.000001,-1.000000,0.000000,
												0.000002,1.000000,-0.000001,0.000000,
												0.000000,1.000000,-0.000001,1.000000;;
											}
											SI_FrameBasePoseMatrix {
												1.000000,-0.000002,0.000002,0.000000,
												0.000002,-0.000001,-1.000000,0.000000,
												0.000002,1.000000,-0.000001,0.000000,
												0.000000,1.000000,0.000000,1.000000;;
											}
												Frame frm-hp_gun_1 {
													FrameTransformMatrix {
														1.000000,0.000000,0.000000,0.000000,
														0.000000,1.000000,0.000001,0.000000,
														-0.000000,-0.000001,1.000000,0.000000,
														1.000641,-0.079748,1.044784,1.000000;;
													}
													SI_FrameBasePoseMatrix {
														1.000000,0.000000,0.000000,0.000000,
														0.000000,1.000000,0.000001,0.000000,
														-0.000000,-0.000001,1.000000,0.000000,
														1.000641,-0.079749,1.044785,1.000000;;
													}
												}
												Frame frm-hp_gun_2 {
													FrameTransformMatrix {
														1.000000,0.000000,0.000000,0.000000,
														0.000000,1.000000,0.000001,0.000000,
														-0.000000,-0.000001,1.000000,0.000000,
														-1.000733,-0.079748,1.044780,1.000000;;
													}
													SI_FrameBasePoseMatrix {
														1.000000,0.000000,0.000000,0.000000,
														0.000000,1.000000,0.000001,0.000000,
														-0.000000,-0.000001,1.000000,0.000000,
														-1.000733,-0.079749,1.044781,1.000000;;
													}
												}
												Frame frm-hp_gun_3 {
													FrameTransformMatrix {
														1.000000,0.000000,0.000000,0.000000,
														-0.000000,1.000000,0.000001,0.000000,
														-0.000000,-0.000001,1.000000,0.000000,
														-0.000001,-1.080387,1.044783,1.000000;;
													}
													SI_FrameBasePoseMatrix {
														1.000000,0.000000,0.000000,0.000000,
														-0.000000,1.000000,0.000001,0.000000,
														-0.000000,-0.000001,1.000000,0.000000,
														-0.000001,-1.080388,1.044783,1.000000;;
													}
												}
										}
								}
						}
				}
				Frame frm-hp_smoke {
					FrameTransformMatrix {
						1.000000,-0.000002,0.000001,0.000000,
						0.000001,0.314951,-0.949108,0.000000,
						0.000001,0.949108,0.314951,0.000000,
						0.000000,-1.793630,-2.864609,1.000000;;
					}
					SI_FrameBasePoseMatrix {
						1.000000,-0.000002,0.000001,0.000000,
						0.000001,0.314951,-0.949108,0.000000,
						0.000001,0.949108,0.314951,0.000000,
						0.000000,-1.793631,-2.864609,1.000000;;
					}
				}
		}
		Frame frm-bleg_1_r {
			FrameTransformMatrix {
				-0.774097,0.323284,0.544298,0.000000,
				-0.632815,-0.370907,-0.679686,0.000000,
				-0.017847,-0.870583,0.491698,0.000000,
				-3.992540,4.577705,-3.297573,1.000000;;
			}
			SI_FrameBasePoseMatrix {
				-0.791861,0.282436,0.541466,0.000000,
				-0.595140,-0.555761,-0.580464,0.000000,
				0.136982,-0.781895,0.608174,0.000000,
				-3.992540,5.977705,-3.297574,1.000000;;
			}
				Frame frm-bleg_2_r {
					FrameTransformMatrix {
						-0.505243,0.545726,-0.668515,0.000000,
						-0.290780,0.621704,0.727276,0.000000,
						0.812512,0.561842,-0.155426,0.000000,
						0.000000,1.583865,-0.000000,1.000000;;
					}
					SI_FrameBasePoseMatrix {
						-0.505243,0.545726,-0.668515,0.000000,
						-0.290780,0.621705,0.727276,0.000000,
						0.812512,0.561842,-0.155426,0.000000,
						-0.000001,1.583865,-0.000000,1.000000;;
					}
				}
		}
		Frame frm-bfoot_r {
			FrameTransformMatrix {
				-0.716399,-0.063961,-0.694738,0.000000,
				0.087948,-0.996125,0.001017,0.000000,
				-0.692118,-0.060373,0.719255,0.000000,
				-5.388891,1.908686,-4.859274,1.000000;;
			}
			SI_FrameBasePoseMatrix {
				-0.753247,-0.011651,-0.657618,0.000000,
				0.049075,-0.998052,-0.038529,0.000000,
				-0.655895,-0.061295,0.752359,0.000000,
				-5.022357,3.282130,-4.382156,1.000000;;
			}
				Frame frm-btoe_1_r {
					FrameTransformMatrix {
						0.073102,0.997006,0.025224,0.000000,
						0.994147,-0.070829,-0.081588,0.000000,
						-0.079557,0.031041,-0.996347,0.000000,
						0.000000,1.953722,-0.000000,1.000000;;
					}
					SI_FrameBasePoseMatrix {
						-0.271325,0.961103,0.051606,0.000000,
						0.959195,0.274439,-0.068041,0.000000,
						-0.079557,0.031039,-0.996347,0.000000,
						0.000001,1.953722,0.000000,1.000000;;
					}
				}
				Frame frm-btoe_2_r {
					FrameTransformMatrix {
						-0.077398,-0.994017,-0.077065,0.000000,
						-0.346784,-0.045630,0.936834,0.000000,
						-0.934746,0.099234,-0.341177,0.000000,
						0.000000,1.953722,-0.000000,1.000000;;
					}
					SI_FrameBasePoseMatrix {
						-0.191336,-0.949677,0.248000,0.000000,
						-0.299399,0.297097,0.906694,0.000000,
						-0.934746,0.099233,-0.341177,0.000000,
						0.000001,1.953722,0.000000,1.000000;;
					}
				}
				Frame frm-btoe_3_r {
					FrameTransformMatrix {
						-0.317791,-0.926448,0.201749,0.000000,
						-0.682236,0.075660,-0.727207,0.000000,
						0.658455,-0.368741,-0.656100,0.000000,
						0.000000,1.953722,-0.000000,1.000000;;
					}
					SI_FrameBasePoseMatrix {
						-0.531964,-0.844699,-0.059137,0.000000,
						-0.532401,0.387961,-0.752354,0.000000,
						0.658455,-0.368741,-0.656100,0.000000,
						0.000001,1.953722,0.000000,1.000000;;
					}
				}
		}
		Frame frm-fleg_1_l {
			FrameTransformMatrix {
				-0.034964,-0.797424,-0.602405,0.000000,
				0.650609,-0.475710,0.591952,0.000000,
				-0.758608,-0.371233,0.535444,0.000000,
				3.414836,4.589534,2.493848,1.000000;;
			}
			SI_FrameBasePoseMatrix {
				-0.165271,-0.923756,-0.345486,0.000000,
				0.972403,-0.094135,-0.213475,0.000000,
				0.164676,-0.371233,0.913821,0.000000,
				3.414836,5.089534,2.493847,1.000000;;
			}
				Frame frm-fleg_2_l {
					FrameTransformMatrix {
						0.672935,-0.453043,-0.584731,0.000000,
						0.676936,0.695844,0.239916,0.000000,
						0.298189,-0.557273,0.774939,0.000000,
						-0.000000,1.650585,0.000000,1.000000;;
					}
					SI_FrameBasePoseMatrix {
						0.672935,-0.453043,-0.584731,0.000000,
						0.676936,0.695844,0.239916,0.000000,
						0.298189,-0.557273,0.774938,0.000000,
						0.000001,1.650584,0.000000,1.000000;;
					}
				}
		}
		Frame frm-ffoot_l {
			FrameTransformMatrix {
				-0.718100,0.039993,-0.694706,0.000000,
				-0.071971,-0.997262,0.016991,0.000000,
				-0.692182,0.062203,0.719033,0.000000,
				5.024009,1.724539,3.758172,1.000000;;
			}
			SI_FrameBasePoseMatrix {
				-0.984104,0.071651,0.162434,0.000000,
				-0.054115,-0.992463,0.109942,0.000000,
				0.169037,0.099409,0.980531,0.000000,
				6.329144,3.244365,1.787934,1.000000;;
			}
				Frame frm-ftoe_1_l {
					FrameTransformMatrix {
						-0.051352,0.995998,-0.073150,0.000000,
						-0.997915,-0.054043,-0.035294,0.000000,
						-0.039106,0.071185,0.996696,0.000000,
						-0.000000,1.766833,0.000000,1.000000;;
					}
					SI_FrameBasePoseMatrix {
						0.375197,0.925520,-0.051388,0.000000,
						-0.926120,0.371948,-0.062906,0.000000,
						-0.039107,0.071194,0.996696,0.000000,
						0.000000,1.766833,0.000000,1.000000;;
					}
				}
				Frame frm-ftoe_2_l {
					FrameTransformMatrix {
						0.031119,-0.998072,0.053698,0.000000,
						0.433510,0.061886,0.899021,0.000000,
						-0.900611,-0.004698,0.434600,0.000000,
						-0.000000,1.766833,0.000000,1.000000;;
					}
					SI_FrameBasePoseMatrix {
						0.211402,-0.878407,0.428615,0.000000,
						0.379747,0.477891,0.792094,0.000000,
						-0.900612,-0.004685,0.434599,0.000000,
						0.000000,1.766833,0.000000,1.000000;;
					}
				}
				Frame frm-ftoe_3_l {
					FrameTransformMatrix {
						-0.103380,0.986980,-0.123216,0.000000,
						0.593664,-0.038166,-0.803808,0.000000,
						-0.798045,-0.156247,-0.581989,0.000000,
						-0.000000,1.766833,0.000000,1.000000;;
					}
					SI_FrameBasePoseMatrix {
						-0.344583,0.910638,0.228035,0.000000,
						0.494353,0.382526,-0.780569,0.000000,
						-0.798046,-0.156241,-0.581989,0.000000,
						0.000000,1.766833,0.000000,1.000000;;
					}
				}
		}
		Frame frm-bleg_1_l {
			FrameTransformMatrix {
				0.774096,0.282820,0.566382,0.000000,
				0.632817,-0.370907,-0.679684,0.000000,
				0.017847,0.884557,-0.466091,0.000000,
				3.992550,4.577705,-3.297561,1.000000;;
			}
			SI_FrameBasePoseMatrix {
				-0.496761,0.282820,0.820513,0.000000,
				0.732251,-0.370906,0.571172,0.000000,
				0.465872,0.884557,-0.022844,0.000000,
				3.992550,4.577705,-3.297561,1.000000;;
			}
				Frame frm-bleg_2_l {
					FrameTransformMatrix {
						0.437602,-0.607777,-0.662655,0.000000,
						-0.256954,0.621704,-0.739904,0.000000,
						0.861673,0.494055,0.115888,0.000000,
						-0.000000,1.583865,-0.000000,1.000000;;
					}
					SI_FrameBasePoseMatrix {
						0.437602,-0.607777,-0.662655,0.000000,
						-0.256954,0.621704,-0.739904,0.000000,
						0.861673,0.494055,0.115888,0.000000,
						0.000000,1.583865,0.000000,1.000000;;
					}
				}
		}
		Frame frm-bfoot_l {
			FrameTransformMatrix {
				-0.716379,0.062544,-0.694843,0.000000,
				-0.087948,-0.996124,0.001017,0.000000,
				-0.692116,0.061841,0.719132,0.000000,
				5.388906,1.908686,-4.859258,1.000000;;
			}
			SI_FrameBasePoseMatrix {
				0.629792,0.062546,-0.774241,0.000000,
				-0.008675,-0.996124,-0.087526,0.000000,
				-0.776688,0.061841,-0.626777,0.000000,
				5.670006,1.908688,-2.042625,1.000000;;
			}
				Frame frm-btoe_1_l {
					FrameTransformMatrix {
						-0.075254,0.994396,-0.074251,0.000000,
						0.047183,-0.070828,-0.996372,0.000000,
						-0.996048,-0.078485,-0.041588,0.000000,
						-0.000000,1.953722,0.000000,1.000000;;
					}
					SI_FrameBasePoseMatrix {
						-0.075254,0.994396,-0.074251,0.000000,
						0.047183,-0.070828,-0.996372,0.000000,
						-0.996048,-0.078485,-0.041588,0.000000,
						-0.000000,1.953722,-0.000000,1.000000;;
					}
				}
				Frame frm-btoe_2_l {
					FrameTransformMatrix {
						0.062171,-0.997568,0.031519,0.000000,
						-0.924295,-0.045632,0.378939,0.000000,
						-0.376579,-0.052692,-0.924885,0.000000,
						-0.000000,1.953722,0.000000,1.000000;;
					}
					SI_FrameBasePoseMatrix {
						0.062171,-0.997568,0.031519,0.000000,
						-0.924295,-0.045632,0.378939,0.000000,
						-0.376579,-0.052692,-0.924885,0.000000,
						-0.000000,1.953722,-0.000000,1.000000;;
					}
				}
				Frame frm-btoe_3_l {
					FrameTransformMatrix {
						0.021018,0.990195,-0.138105,0.000000,
						0.750369,0.075660,0.656675,0.000000,
						0.660685,-0.117432,-0.741421,0.000000,
						-0.000000,1.953722,0.000000,1.000000;;
					}
					SI_FrameBasePoseMatrix {
						0.021018,0.990195,-0.138105,0.000000,
						0.750369,0.075660,0.656675,0.000000,
						0.660685,-0.117432,-0.741421,0.000000,
						-0.000000,1.953722,-0.000000,1.000000;;
					}
				}
		}
		Frame frm-fleg_1_r {
			FrameTransformMatrix {
				0.034964,0.759895,0.649105,0.000000,
				-0.650611,-0.475710,0.591950,0.000000,
				0.758606,-0.443012,0.477763,0.000000,
				-3.414844,4.589534,2.493837,1.000000;;
			}
			SI_FrameBasePoseMatrix {
				0.483711,0.759895,0.434263,0.000000,
				-0.041479,-0.475710,0.878623,0.000000,
				0.874245,-0.443012,-0.198586,0.000000,
				-3.414845,4.589535,2.993837,1.000000;;
			}
				Frame frm-fleg_2_r {
					FrameTransformMatrix {
						0.757527,0.580803,0.298029,0.000000,
						-0.651997,0.695843,0.301168,0.000000,
						-0.032462,-0.422456,0.905802,0.000000,
						0.000000,1.650585,-0.000000,1.000000;;
					}
					SI_FrameBasePoseMatrix {
						0.876270,0.426066,0.224988,0.000000,
						-0.470432,0.857480,0.208379,0.000000,
						-0.104140,-0.288437,0.951819,0.000000,
						-0.000000,1.650585,0.000000,1.000000;;
					}
				}
		}
		Frame frm-ffoot_r {
			FrameTransformMatrix {
				-0.718073,-0.063631,-0.693033,0.000000,
				0.071971,-0.997262,0.016991,0.000000,
				-0.692221,-0.037678,0.720700,0.000000,
				-5.024021,1.724539,3.758157,1.000000;;
			}
			SI_FrameBasePoseMatrix {
				-0.997806,-0.063630,0.017716,0.000000,
				0.062905,-0.997262,-0.038876,0.000000,
				0.020128,-0.037678,0.999083,0.000000,
				-3.658698,1.724540,6.025707,1.000000;;
			}
				Frame frm-ftoe_1_r {
					FrameTransformMatrix {
						-0.027728,-0.998253,-0.052164,0.000000,
						0.071949,-0.054042,0.995943,0.000000,
						-0.997023,0.023862,0.073322,0.000000,
						0.000000,1.766833,-0.000000,1.000000;;
					}
					SI_FrameBasePoseMatrix {
						-0.027728,-0.998253,-0.052164,0.000000,
						0.071949,-0.054042,0.995943,0.000000,
						-0.997023,0.023862,0.073322,0.000000,
						-0.000000,1.766832,0.000000,1.000000;;
					}
				}
				Frame frm-ftoe_2_r {
					FrameTransformMatrix {
						0.026176,0.995219,0.094097,0.000000,
						-0.914346,0.061885,-0.400177,0.000000,
						-0.404087,-0.075562,0.911594,0.000000,
						0.000000,1.766833,-0.000000,1.000000;;
					}
					SI_FrameBasePoseMatrix {
						0.026176,0.995219,0.094097,0.000000,
						-0.914346,0.061885,-0.400177,0.000000,
						-0.404087,-0.075562,0.911594,0.000000,
						-0.000000,1.766832,0.000000,1.000000;;
					}
				}
				Frame frm-ftoe_3_r {
					FrameTransformMatrix {
						0.016253,0.999033,-0.040839,0.000000,
						0.781479,-0.038171,-0.622762,0.000000,
						-0.623719,-0.021793,-0.781345,0.000000,
						0.000000,1.766833,-0.000000,1.000000;;
					}
					SI_FrameBasePoseMatrix {
						0.016253,0.999033,-0.040839,0.000000,
						0.781479,-0.038171,-0.622762,0.000000,
						-0.623719,-0.021793,-0.781345,0.000000,
						-0.000000,1.766832,0.000000,1.000000;;
					}
				}
		}
}

AnimationSet {
	Animation anim-body {
		{frm-body}
		SI_AnimationKey {
			2;
			5;
			1;3;0.000000,4.440732,-0.123628;;,
			12;3;0.000001,4.240731,-0.423628;;,
			16;3;0.000000,4.440732,-0.123628;;,
			28;3;0.000001,4.240731,-0.423628;;,
			32;3;0.000000,4.440732,-0.123628;;;
		}
		SI_AnimationKey {
			0;
			5;
			1;4;0.999962,0.000000,-0.008726,0.000000;;,
			12;4;1.000000,0.000000,-0.000000,0.000000;;,
			16;4;0.999962,0.000000,0.008726,-0.000000;;,
			28;4;1.000000,0.000000,-0.000000,0.000000;;,
			32;4;0.999962,0.000000,-0.008726,0.000000;;;
		}
	}
	Animation anim-headroot {
		{frm-headroot}
		SI_AnimationKey {
			2;
			5;
			1;3;-0.040161,0.737299,0.086907;;,
			12;3;0.000002,0.938310,0.087595;;,
			16;3;0.040165,0.737298,0.086907;;,
			28;3;0.000002,0.938310,0.087595;;,
			32;3;-0.040161,0.737299,0.086907;;;
		}
		SI_AnimationKey {
			0;
			5;
			1;4;0.999619,0.000228,0.008723,-0.026176;;,
			12;4;1.000000,0.000000,-0.000000,-0.000000;;,
			16;4;0.999619,0.000228,-0.008724,0.026176;;,
			28;4;1.000000,0.000000,-0.000000,-0.000000;;,
			32;4;0.999619,0.000228,0.008723,-0.026176;;;
		}
	}
	Animation anim-bleg_1_r {
		{frm-bleg_1_r}
		SI_AnimationKey {
			2;
			4;
			1;3;-3.992540,5.977705,-3.297574;;,
			16;3;-3.992540,4.577705,-3.297573;;,
			28;3;-3.992540,4.639421,-3.297573;;,
			32;3;-3.992540,5.977705,-3.297574;;;
		}
		SI_AnimationKey {
			0;
			4;
			1;4;0.255222,-0.197310,0.396209,-0.859621;;,
			16;4;0.539557,-0.668026,0.153051,-0.489076;;,
			28;4;0.163222,0.049859,0.536568,-0.826419;;,
			32;4;0.255222,-0.197310,0.396209,-0.859621;;;
		}
	}
	Animation anim-bfoot_r {
		{frm-bfoot_r}
		SI_AnimationKey {
			2;
			4;
			1;3;-5.022357,3.282130,-4.382156;;,
			16;3;-5.670000,1.908688,-2.042643;;,
			28;3;-4.123753,1.970401,-4.926450;;,
			32;3;-5.022357,3.282130,-4.382156;;;
		}
		SI_AnimationKey {
			0;
			4;
			1;4;0.016115,-0.350871,-0.026787,0.935902;;,
			16;4;0.019494,0.349795,-0.039613,0.935785;;,
			28;4;0.043670,-0.597727,-0.005076,0.800493;;,
			32;4;0.016115,-0.350871,-0.026787,0.935902;;;
		}
	}
	Animation anim-btoe_1_r {
		{frm-btoe_1_r}
		SI_AnimationKey {
			2;
			4;
			1;3;0.000001,1.953722,0.000000;;,
			16;3;0.000000,1.953722,-0.000000;;,
			26;3;0.000000,1.953722,-0.000000;;,
			32;3;0.000001,1.953722,0.000000;;;
		}
		SI_AnimationKey {
			0;
			4;
			1;4;0.041133,0.602201,0.797200,-0.011603;;,
			16;4;0.038493,0.731484,0.680518,-0.018570;;,
			26;4;0.038493,0.731484,0.680517,-0.018570;;,
			32;4;0.041133,0.602201,0.797200,-0.011603;;;
		}
	}
	Animation anim-btoe_2_r {
		{frm-btoe_2_r}
		SI_AnimationKey {
			2;
			4;
			1;3;0.000001,1.953722,0.000000;;,
			16;3;0.000000,1.953722,-0.000000;;,
			26;3;0.000000,1.953722,-0.000000;;,
			32;3;0.000001,1.953722,0.000000;;;
		}
		SI_AnimationKey {
			0;
			4;
			1;4;0.437202,-0.461721,0.676315,0.371841;;,
			16;4;0.365990,-0.572147,0.585864,0.442111;;,
			26;4;0.365990,-0.572147,0.585864,0.442111;;,
			32;4;0.437202,-0.461721,0.676315,0.371841;;;
		}
	}
	Animation anim-btoe_3_r {
		{frm-btoe_3_r}
		SI_AnimationKey {
			2;
			4;
			1;3;0.000001,1.953722,0.000000;;,
			16;3;0.000000,1.953722,-0.000000;;,
			26;3;0.000000,1.953722,-0.000000;;,
			32;3;0.000001,1.953722,0.000000;;;
		}
		SI_AnimationKey {
			0;
			4;
			1;4;0.223549,0.429003,-0.802500,0.349251;;,
			16;4;0.159506,0.561838,-0.715813,0.382764;;,
			26;4;0.159506,0.561838,-0.715813,0.382764;;,
			32;4;0.223549,0.429003,-0.802500,0.349251;;;
		}
	}
	Animation anim-fleg_1_l {
		{frm-fleg_1_l}
		SI_AnimationKey {
			2;
			4;
			1;3;3.414836,5.089534,2.493847;;,
			16;3;3.414836,4.589535,2.993848;;,
			28;3;3.414836,4.589534,2.562990;;,
			32;3;3.414836,5.089534,2.493847;;;
		}
		SI_AnimationKey {
			0;
			4;
			1;4;0.643120,-0.061325,-0.198315,0.737093;;,
			16;4;0.438101,-0.713224,0.264976,0.478714;;,
			28;4;0.489708,-0.119466,-0.149433,0.850637;;,
			32;4;0.643120,-0.061325,-0.198315,0.737093;;;
		}
	}
	Animation anim-fleg_2_l {
		{frm-fleg_2_l}
		SI_AnimationKey {
			2;
			5;
			1;3;0.000001,1.650584,0.000000;;,
			12;3;0.000000,1.650585,0.000001;;,
			16;3;0.000000,1.650585,-0.000000;;,
			28;3;-0.000000,1.650584,0.000000;;,
			32;3;0.000001,1.650584,0.000000;;;
		}
		SI_AnimationKey {
			0;
			5;
			1;4;0.886526,-0.224807,-0.248983,0.318653;;,
			12;4;0.886526,-0.224807,-0.248983,0.318653;;,
			16;4;0.930122,-0.148442,-0.252215,0.221867;;,
			28;4;0.886526,-0.224807,-0.248983,0.318653;;,
			32;4;0.886526,-0.224807,-0.248983,0.318653;;;
		}
	}
	Animation anim-ffoot_l {
		{frm-ffoot_l}
		SI_AnimationKey {
			2;
			5;
			1;3;6.329144,3.244365,1.787934;;,
			12;3;4.077825,1.963086,5.360573;;,
			16;3;3.658680,1.724540,6.025718;;,
			28;3;5.021988,1.724537,2.116815;;,
			32;3;6.329144,3.244365,1.787934;;;
		}
		SI_AnimationKey {
			0;
			5;
			1;4;0.031685,-0.083295,-0.053058,-0.994607;;,
			12;4;0.036767,0.605881,-0.016004,-0.794544;;,
			16;4;0.035695,0.700323,-0.008187,-0.712886;;,
			28;4;0.018087,-0.063513,-0.033106,-0.997268;;,
			32;4;0.031685,-0.083295,-0.053058,-0.994607;;;
		}
	}
	Animation anim-ftoe_1_l {
		{frm-ftoe_1_l}
		SI_AnimationKey {
			2;
			4;
			1;3;0.000000,1.766833,0.000000;;,
			16;3;0.000000,1.766833,0.000000;;,
			26;3;0.000000,1.766833,-0.000000;;,
			32;3;0.000000,1.766833,0.000000;;;
		}
		SI_AnimationKey {
			0;
			4;
			1;4;0.828227,0.040478,-0.003707,-0.558917;;,
			16;4;0.687623,0.038717,-0.012382,-0.724929;;,
			26;4;0.687623,0.038717,-0.012382,-0.724929;;,
			32;4;0.828227,0.040478,-0.003707,-0.558917;;;
		}
	}
	Animation anim-ftoe_2_l {
		{frm-ftoe_2_l}
		SI_AnimationKey {
			2;
			4;
			1;3;0.000000,1.766833,0.000000;;,
			16;3;0.000000,1.766833,0.000000;;,
			26;3;0.000000,1.766833,-0.000000;;,
			32;3;0.000000,1.766833,0.000000;;;
		}
		SI_AnimationKey {
			0;
			4;
			1;4;0.728679,-0.273364,0.456040,0.431656;;,
			16;4;0.617979,-0.365589,0.386064,0.579139;;,
			26;4;0.617979,-0.365589,0.386064,0.579139;;,
			32;4;0.728679,-0.273364,0.456040,0.431656;;;
		}
	}
	Animation anim-ftoe_3_l {
		{frm-ftoe_3_l}
		SI_AnimationKey {
			2;
			4;
			1;3;0.000000,1.766833,0.000000;;,
			16;3;0.000000,1.766833,0.000000;;,
			26;3;0.000000,1.766833,-0.000000;;,
			32;3;0.000000,1.766833,0.000000;;;
		}
		SI_AnimationKey {
			0;
			4;
			1;4;0.337622,0.462299,0.759786,-0.308248;;,
			16;4;0.262901,0.615788,0.641717,-0.374016;;,
			26;4;0.262901,0.615788,0.641717,-0.374016;;,
			32;4;0.337622,0.462299,0.759786,-0.308248;;;
		}
	}
	Animation anim-bleg_1_l {
		{frm-bleg_1_l}
		SI_AnimationKey {
			2;
			4;
			1;3;3.992550,4.577705,-3.297561;;,
			12;3;3.992550,4.620749,-3.297561;;,
			16;3;3.992550,5.977705,-3.297562;;,
			32;3;3.992550,4.577705,-3.297561;;;
		}
		SI_AnimationKey {
			0;
			4;
			1;4;0.165446,0.473548,0.535887,0.679122;;,
			12;4;0.537095,0.827796,0.161477,-0.014411;;,
			16;4;0.401986,0.854845,0.246023,0.217072;;,
			32;4;0.165446,0.473548,0.535887,0.679122;;;
		}
	}
	Animation anim-bfoot_l {
		{frm-bfoot_l}
		SI_AnimationKey {
			2;
			4;
			1;3;5.670006,1.908688,-2.042625;;,
			12;3;4.157271,1.951730,-4.863952;;,
			16;3;5.022371,3.282130,-4.382141;;,
			32;3;5.670006,1.908688,-2.042625;;;
		}
		SI_AnimationKey {
			0;
			4;
			1;4;0.041215,0.901767,0.015092,-0.429988;;,
			12;4;0.035402,0.145908,-0.026326,-0.988314;;,
			16;4;0.029943,0.397938,0.007672,-0.916891;;,
			32;4;0.041215,0.901767,0.015092,-0.429988;;;
		}
	}
	Animation anim-btoe_1_l {
		{frm-btoe_1_l}
		SI_AnimationKey {
			2;
			4;
			1;3;-0.000000,1.953722,-0.000000;;,
			12;3;0.000000,1.953722,-0.000000;;,
			16;3;0.000000,1.953721,0.000000;;,
			32;3;-0.000000,1.953722,-0.000000;;;
		}
		SI_AnimationKey {
			0;
			4;
			1;4;0.450647,0.509206,0.511374,-0.525475;;,
			12;4;0.450647,0.509206,0.511374,-0.525475;;,
			16;4;0.535047,0.412668,0.592029,-0.439240;;,
			32;4;0.450647,0.509206,0.511374,-0.525475;;;
		}
	}
	Animation anim-btoe_2_l {
		{frm-btoe_2_l}
		SI_AnimationKey {
			2;
			4;
			1;3;-0.000000,1.953722,-0.000000;;,
			12;3;0.000000,1.953722,-0.000000;;,
			16;3;0.000000,1.953721,0.000000;;,
			32;3;-0.000000,1.953722,-0.000000;;;
		}
		SI_AnimationKey {
			0;
			4;
			1;4;0.151372,-0.712862,0.673996,0.121012;;,
			12;4;0.151372,-0.712862,0.673996,0.121012;;,
			16;4;0.170088,-0.584994,0.787543,0.092886;;,
			32;4;0.151372,-0.712862,0.673996,0.121012;;;
		}
	}
	Animation anim-btoe_3_l {
		{frm-btoe_3_l}
		SI_AnimationKey {
			2;
			4;
			1;3;-0.000000,1.953722,-0.000000;;,
			12;3;0.000000,1.953722,-0.000000;;,
			16;3;0.000000,1.953721,0.000000;;,
			32;3;-0.000000,1.953722,-0.000000;;;
		}
		SI_AnimationKey {
			0;
			4;
			1;4;0.298017,-0.649380,-0.670086,-0.201184;;,
			12;4;0.298017,-0.649381,-0.670086,-0.201184;;,
			16;4;0.328424,-0.523156,-0.772670,-0.146377;;,
			32;4;0.298017,-0.649380,-0.670086,-0.201184;;;
		}
	}
	Animation anim-fleg_1_r {
		{frm-fleg_1_r}
		SI_AnimationKey {
			2;
			4;
			1;3;-3.414845,4.589535,2.993837;;,
			12;3;-3.414844,4.589534,2.572315;;,
			16;3;-3.414844,5.089534,2.493837;;,
			32;3;-3.414845,4.589535,2.993837;;;
		}
		SI_AnimationKey {
			0;
			4;
			1;4;0.449837,-0.734508,-0.244523,-0.445369;;,
			12;4;0.485182,-0.172943,0.163534,-0.841395;;,
			16;4;0.632969,-0.104531,0.210600,-0.737612;;,
			32;4;0.449837,-0.734508,-0.244523,-0.445369;;;
		}
	}
	Animation anim-fleg_2_r {
		{frm-fleg_2_r}
		SI_AnimationKey {
			2;
			5;
			1;3;-0.000000,1.650585,0.000000;;,
			12;3;-0.000000,1.650585,-0.000000;;,
			16;3;0.000000,1.650585,0.000000;;,
			28;3;-0.000000,1.650584,0.000000;;,
			32;3;-0.000000,1.650585,0.000000;;;
		}
		SI_AnimationKey {
			0;
			5;
			1;4;0.959892,-0.129394,0.085720,-0.233489;;,
			12;4;0.916402,-0.197409,0.090160,-0.336315;;,
			16;4;0.916402,-0.197409,0.090160,-0.336315;;,
			28;4;0.916402,-0.197409,0.090160,-0.336315;;,
			32;4;0.959892,-0.129394,0.085720,-0.233489;;;
		}
	}
	Animation anim-ffoot_r {
		{frm-ffoot_r}
		SI_AnimationKey {
			2;
			5;
			1;3;-3.658698,1.724540,6.025707;;,
			12;3;-4.992455,1.724537,2.190664;;,
			16;3;-6.326517,3.196132,1.916476;;,
			28;3;-4.092951,1.924482,5.525488;;,
			32;3;-3.658698,1.724540,6.025707;;;
		}
		SI_AnimationKey {
			0;
			5;
			1;4;0.031659,0.009469,-0.019254,0.999268;;,
			12;4;0.035481,-0.726219,0.010192,0.686472;;,
			16;4;0.064437,-0.739672,0.008992,0.669815;;,
			28;4;0.038476,-0.098947,-0.017832,0.994189;;,
			32;4;0.031659,0.009469,-0.019254,0.999268;;;
		}
	}
	Animation anim-ftoe_1_r {
		{frm-ftoe_1_r}
		SI_AnimationKey {
			2;
			4;
			1;3;-0.000000,1.766832,0.000000;;,
			12;3;-0.000000,1.766833,0.000000;;,
			16;3;-0.000000,1.766832,0.000001;;,
			32;3;-0.000000,1.766832,0.000000;;;
		}
		SI_AnimationKey {
			0;
			4;
			1;4;0.497884,-0.488106,0.474438,0.537376;;,
			12;4;0.497884,-0.488106,0.474438,0.537376;;,
			16;4;0.602392,-0.373850,0.568837,0.416876;;,
			32;4;0.497884,-0.488106,0.474438,0.537376;;;
		}
	}
	Animation anim-ftoe_2_r {
		{frm-ftoe_2_r}
		SI_AnimationKey {
			2;
			4;
			1;3;-0.000000,1.766832,0.000000;;,
			12;3;-0.000000,1.766833,0.000000;;,
			16;3;-0.000000,1.766832,0.000001;;,
			32;3;-0.000000,1.766832,0.000000;;;
		}
		SI_AnimationKey {
			0;
			4;
			1;4;0.707046,0.114779,0.176150,-0.675191;;,
			12;4;0.707046,0.114779,0.176150,-0.675191;;,
			16;4;0.836424,0.073931,0.196818,-0.506154;;,
			32;4;0.707046,0.114779,0.176150,-0.675191;;;
		}
	}
	Animation anim-ftoe_3_r {
		{frm-ftoe_3_r}
		SI_AnimationKey {
			2;
			4;
			1;3;-0.000000,1.766832,0.000000;;,
			12;3;-0.000000,1.766833,0.000000;;,
			16;3;-0.000000,1.766832,0.000001;;,
			32;3;-0.000000,1.766832,0.000000;;;
		}
		SI_AnimationKey {
			0;
			4;
			1;4;0.221775,0.677453,0.657062,-0.245241;;,
			12;4;0.221775,0.677453,0.657062,-0.245241;;,
			16;4;0.269599,0.519180,0.788114,-0.191427;;,
			32;4;0.221775,0.677453,0.657062,-0.245241;;;
		}
	}
}

SI_EnvelopeList {
	32;
	SI_Envelope {
		"frm-bodymesh";
		"frm-fleg_2_r";
		7;
		64;50.000000;,
		65;50.000000;,
		66;50.000000;,
		67;100.000000;,
		68;100.000000;,
		69;100.000000;,
		75;100.000000;;
	}
	SI_Envelope {
		"frm-bodymesh";
		"frm-ftoe_1_l";
		9;
		164;25.000000;,
		168;25.000000;,
		170;25.000000;,
		171;25.000000;,
		180;75.000000;,
		181;75.000000;,
		182;75.000000;,
		183;75.000000;,
		192;100.000000;;
	}
	SI_Envelope {
		"frm-bodymesh";
		"frm-ftoe_2_l";
		9;
		176;25.000000;,
		177;25.000000;,
		178;25.000000;,
		179;25.000000;,
		188;75.000000;,
		189;75.000000;,
		190;75.000000;,
		191;75.000000;,
		194;100.000000;;
	}
	SI_Envelope {
		"frm-bodymesh";
		"frm-btoe_2_r";
		9;
		90;25.000000;,
		91;25.000000;,
		92;25.000000;,
		93;25.000000;,
		102;75.000000;,
		103;75.000000;,
		104;75.000000;,
		105;75.000000;,
		108;100.000000;;
	}
	SI_Envelope {
		"frm-bodymesh";
		"frm-fleg_1_l";
		7;
		119;75.000000;,
		155;50.000000;,
		201;100.000000;,
		202;100.000000;,
		203;75.000000;,
		204;75.000000;,
		205;100.000000;;
	}
	SI_Envelope {
		"frm-bodymesh";
		"frm-ftoe_2_r";
		9;
		45;25.000000;,
		46;25.000000;,
		47;25.000000;,
		48;25.000000;,
		57;75.000000;,
		58;75.000000;,
		59;75.000000;,
		60;75.000000;,
		63;100.000000;;
	}
	SI_Envelope {
		"frm-bodymesh";
		"frm-ftoe_3_l";
		9;
		172;25.000000;,
		173;25.000000;,
		174;25.000000;,
		175;25.000000;,
		184;75.000000;,
		185;75.000000;,
		186;75.000000;,
		187;75.000000;,
		193;100.000000;;
	}
	SI_Envelope {
		"frm-bodymesh";
		"frm-ftoe_3_r";
		9;
		41;25.000000;,
		42;25.000000;,
		43;25.000000;,
		44;25.000000;,
		53;75.000000;,
		54;75.000000;,
		55;74.999994;,
		56;74.999994;,
		62;100.000000;;
	}
	SI_Envelope {
		"frm-bodymesh";
		"frm-btoe_2_l";
		9;
		221;25.000000;,
		222;25.000000;,
		223;25.000000;,
		224;25.000000;,
		233;75.000000;,
		234;75.000000;,
		235;75.000000;,
		236;75.000000;,
		239;100.000000;;
	}
	SI_Envelope {
		"frm-bodymesh";
		"frm-bleg_1_r";
		7;
		9;75.000000;,
		10;75.000000;,
		19;75.000000;,
		25;50.000000;,
		115;100.000000;,
		116;100.000000;,
		117;100.000000;;
	}
	SI_Envelope {
		"frm-bodymesh";
		"frm-btoe_1_r";
		9;
		78;25.000000;,
		82;25.000000;,
		84;25.000000;,
		85;25.000000;,
		94;75.000000;,
		95;75.000000;,
		96;75.000000;,
		97;75.000000;,
		106;100.000000;;
	}
	SI_Envelope {
		"frm-bodymesh";
		"frm-btoe_3_l";
		9;
		217;25.000000;,
		218;25.000000;,
		219;25.000000;,
		220;25.000000;,
		229;75.000000;,
		230;75.000000;,
		231;75.000000;,
		232;75.000000;,
		238;100.000000;;
	}
	SI_Envelope {
		"frm-bodymesh";
		"frm-btoe_1_l";
		9;
		209;25.000000;,
		213;25.000000;,
		215;25.000000;,
		216;25.000000;,
		225;75.000000;,
		226;75.000000;,
		227;75.000000;,
		228;75.000000;,
		237;100.000000;;
	}
	SI_Envelope {
		"frm-bodymesh";
		"frm-bfoot_r";
		33;
		76;100.000000;,
		77;100.000000;,
		78;75.000000;,
		79;100.000000;,
		80;100.000000;,
		81;100.000000;,
		82;75.000000;,
		83;100.000000;,
		84;75.000000;,
		85;75.000000;,
		86;75.000000;,
		87;75.000000;,
		88;75.000000;,
		89;75.000000;,
		90;75.000000;,
		91;75.000000;,
		92;75.000000;,
		93;75.000000;,
		94;25.000000;,
		95;25.000000;,
		96;25.000000;,
		97;25.000000;,
		98;25.000000;,
		99;25.000000;,
		100;25.000000;,
		101;25.000000;,
		102;25.000000;,
		103;25.000000;,
		104;25.000000;,
		105;25.000000;,
		109;50.000000;,
		110;50.000000;,
		111;50.000000;;
	}
	SI_Envelope {
		"frm-bodymesh";
		"frm-bleg_2_r";
		7;
		109;50.000000;,
		110;50.000000;,
		111;50.000000;,
		112;100.000000;,
		113;100.000000;,
		114;100.000000;,
		118;100.000000;;
	}
	SI_Envelope {
		"frm-bodymesh";
		"frm-ffoot_l";
		33;
		162;100.000000;,
		163;100.000000;,
		164;75.000000;,
		165;100.000000;,
		166;100.000000;,
		167;100.000000;,
		168;75.000000;,
		169;100.000000;,
		170;75.000000;,
		171;75.000000;,
		172;75.000000;,
		173;75.000000;,
		174;75.000000;,
		175;75.000000;,
		176;75.000000;,
		177;75.000000;,
		178;75.000000;,
		179;75.000000;,
		180;25.000000;,
		181;25.000000;,
		182;25.000000;,
		183;25.000000;,
		184;25.000000;,
		185;25.000000;,
		186;25.000000;,
		187;25.000000;,
		188;25.000000;,
		189;25.000000;,
		190;25.000000;,
		191;25.000000;,
		195;50.000000;,
		196;50.000000;,
		197;50.000000;;
	}
	SI_Envelope {
		"frm-bodymesh";
		"frm-bleg_2_l";
		7;
		240;50.000000;,
		241;50.000000;,
		242;50.000000;,
		243;100.000000;,
		244;100.000000;,
		245;100.000000;,
		249;100.000000;;
	}
	SI_Envelope {
		"frm-bodymesh";
		"frm-ffoot_r";
		33;
		31;100.000000;,
		32;100.000000;,
		33;75.000000;,
		34;100.000000;,
		35;100.000000;,
		36;100.000000;,
		37;75.000000;,
		38;100.000000;,
		39;75.000000;,
		40;75.000000;,
		41;75.000000;,
		42;75.000000;,
		43;75.000000;,
		44;75.000000;,
		45;75.000000;,
		46;75.000000;,
		47;75.000000;,
		48;75.000000;,
		49;25.000000;,
		50;25.000000;,
		51;25.000000;,
		52;25.000000;,
		53;25.000000;,
		54;25.000000;,
		55;25.000000;,
		56;25.000000;,
		57;25.000000;,
		58;25.000000;,
		59;25.000000;,
		60;25.000000;,
		64;50.000000;,
		65;50.000000;,
		66;50.000000;;
	}
	SI_Envelope {
		"frm-bodymesh";
		"frm-fleg_2_l";
		7;
		195;50.000000;,
		196;50.000000;,
		197;50.000000;,
		198;100.000000;,
		199;100.000000;,
		200;100.000000;,
		206;100.000000;;
	}
	SI_Envelope {
		"frm-bodymesh";
		"frm-fleg_1_r";
		7;
		0;75.000000;,
		26;50.000000;,
		70;100.000000;,
		71;100.000000;,
		72;75.000000;,
		73;75.000000;,
		74;100.000000;;
	}
	SI_Envelope {
		"frm-bodymesh";
		"frm-body";
		78;
		0;25.000000;,
		1;100.000000;,
		2;100.000000;,
		3;100.000000;,
		4;100.000000;,
		5;100.000000;,
		6;100.000000;,
		7;100.000000;,
		8;100.000000;,
		9;25.000000;,
		10;25.000000;,
		11;100.000000;,
		12;100.000000;,
		13;100.000000;,
		14;100.000000;,
		15;100.000000;,
		16;100.000000;,
		17;100.000000;,
		18;100.000000;,
		19;25.000000;,
		20;100.000000;,
		21;100.000000;,
		22;100.000000;,
		23;100.000000;,
		24;100.000000;,
		25;50.000000;,
		26;50.000000;,
		27;100.000000;,
		28;100.000000;,
		29;100.000000;,
		30;100.000000;,
		72;25.000000;,
		73;25.000000;,
		119;25.000000;,
		120;100.000000;,
		121;100.000000;,
		122;100.000000;,
		123;100.000000;,
		124;100.000000;,
		125;100.000000;,
		126;100.000000;,
		127;100.000000;,
		128;100.000000;,
		129;100.000000;,
		130;100.000000;,
		131;100.000000;,
		132;100.000000;,
		133;100.000000;,
		134;100.000000;,
		135;100.000000;,
		136;25.000000;,
		137;25.000000;,
		138;100.000000;,
		139;100.000000;,
		140;100.000000;,
		141;100.000000;,
		142;100.000000;,
		143;100.000000;,
		144;100.000000;,
		145;100.000000;,
		146;25.000000;,
		147;100.000000;,
		148;100.000000;,
		149;100.000000;,
		150;100.000000;,
		151;100.000000;,
		152;100.000000;,
		153;100.000000;,
		154;50.000000;,
		155;50.000000;,
		156;100.000000;,
		157;100.000000;,
		158;100.000000;,
		159;100.000000;,
		160;100.000000;,
		161;100.000000;,
		203;25.000000;,
		204;25.000000;;
	}
	SI_Envelope {
		"frm-bodymesh";
		"frm-ftoe_1_r";
		9;
		33;25.000000;,
		37;25.000000;,
		39;25.000000;,
		40;25.000000;,
		49;75.000000;,
		50;75.000000;,
		51;75.000000;,
		52;75.000000;,
		61;100.000000;;
	}
	SI_Envelope {
		"frm-bodymesh";
		"frm-bfoot_l";
		33;
		207;100.000000;,
		208;100.000000;,
		209;75.000000;,
		210;100.000000;,
		211;100.000000;,
		212;100.000000;,
		213;75.000000;,
		214;100.000000;,
		215;75.000000;,
		216;75.000000;,
		217;75.000000;,
		218;75.000000;,
		219;75.000000;,
		220;75.000000;,
		221;75.000000;,
		222;75.000000;,
		223;75.000000;,
		224;75.000000;,
		225;25.000000;,
		226;25.000000;,
		227;25.000000;,
		228;25.000000;,
		229;25.000000;,
		230;25.000000;,
		231;25.000000;,
		232;25.000000;,
		233;25.000000;,
		234;25.000000;,
		235;25.000000;,
		236;25.000000;,
		240;50.000000;,
		241;50.000000;,
		242;50.000000;;
	}
	SI_Envelope {
		"frm-bodymesh";
		"frm-btoe_3_r";
		9;
		86;25.000000;,
		87;25.000000;,
		88;25.000000;,
		89;25.000000;,
		98;75.000000;,
		99;75.000000;,
		100;75.000000;,
		101;75.000000;,
		107;100.000000;;
	}
	SI_Envelope {
		"frm-bodymesh";
		"frm-bleg_1_l";
		7;
		136;75.000000;,
		137;75.000000;,
		146;75.000000;,
		154;50.000000;,
		246;100.000000;,
		247;100.000000;,
		248;100.000000;;
	}
	SI_Envelope {
		"frm-headmesh";
		"frm-head";
		114;
		0;100.000000;,
		1;100.000000;,
		2;100.000000;,
		3;100.000000;,
		4;100.000000;,
		5;100.000000;,
		6;100.000000;,
		7;100.000000;,
		8;100.000000;,
		9;100.000000;,
		10;100.000000;,
		11;100.000000;,
		12;100.000000;,
		13;100.000000;,
		14;100.000000;,
		15;100.000000;,
		16;100.000000;,
		17;100.000000;,
		18;100.000000;,
		19;75.000000;,
		20;75.000000;,
		21;100.000000;,
		22;75.000000;,
		23;50.000000;,
		24;50.000000;,
		25;50.000000;,
		29;100.000000;,
		30;100.000000;,
		31;100.000000;,
		32;100.000000;,
		33;100.000000;,
		34;100.000000;,
		35;100.000000;,
		36;100.000000;,
		37;100.000000;,
		38;100.000000;,
		39;100.000000;,
		40;100.000000;,
		41;100.000000;,
		42;100.000000;,
		43;100.000000;,
		44;100.000000;,
		45;100.000000;,
		46;100.000000;,
		47;100.000000;,
		48;100.000000;,
		49;100.000000;,
		50;100.000000;,
		51;100.000000;,
		52;100.000000;,
		53;100.000000;,
		54;100.000000;,
		55;100.000000;,
		56;100.000000;,
		57;100.000000;,
		58;100.000000;,
		59;100.000000;,
		60;100.000000;,
		61;100.000000;,
		62;100.000000;,
		63;100.000000;,
		64;100.000000;,
		65;100.000000;,
		66;100.000000;,
		67;75.000000;,
		68;75.000000;,
		69;100.000000;,
		70;75.000000;,
		71;50.000000;,
		72;50.000000;,
		73;50.000000;,
		77;100.000000;,
		78;100.000000;,
		79;100.000000;,
		80;100.000000;,
		81;100.000000;,
		82;100.000000;,
		83;100.000000;,
		84;100.000000;,
		85;100.000000;,
		86;100.000000;,
		87;75.000000;,
		88;75.000000;,
		89;75.000000;,
		90;75.000000;,
		91;75.000000;,
		92;75.000000;,
		93;75.000000;,
		94;75.000000;,
		95;100.000000;,
		96;100.000000;,
		97;100.000000;,
		98;75.000000;,
		99;100.000000;,
		100;100.000000;,
		101;100.000000;,
		102;100.000000;,
		103;100.000000;,
		104;100.000000;,
		105;100.000000;,
		106;100.000000;,
		107;100.000000;,
		108;75.000000;,
		109;75.000000;,
		110;75.000000;,
		111;75.000000;,
		112;75.000000;,
		113;75.000000;,
		114;75.000000;,
		115;75.000000;,
		116;100.000000;,
		117;100.000000;,
		118;100.000000;,
		119;75.000000;;
	}
	SI_Envelope {
		"frm-headmesh";
		"frm-hp_mortar_1";
		36;
		19;25.000000;,
		20;25.000000;,
		22;25.000000;,
		23;50.000000;,
		24;50.000000;,
		25;50.000000;,
		26;100.000000;,
		27;100.000000;,
		28;100.000000;,
		67;25.000000;,
		68;25.000000;,
		70;25.000000;,
		71;50.000000;,
		72;50.000000;,
		73;50.000000;,
		74;100.000000;,
		75;100.000000;,
		76;100.000000;,
		87;25.000000;,
		88;25.000000;,
		89;25.000000;,
		90;25.000000;,
		91;25.000000;,
		92;25.000000;,
		93;25.000000;,
		94;25.000000;,
		98;25.000000;,
		108;25.000000;,
		109;25.000000;,
		110;25.000000;,
