xsi 0101txt 0032

SI_CoordinateSystem coord {
	1;
	0;
	1;
	0;
	2;
	5;
}

Frame frm-hp_bones {
	FrameTransformMatrix {
		1.000000,0.000002,0.000000,0.000000,
		-0.000002,1.000000,-0.000001,0.000000,
		-0.000000,0.000001,1.000000,0.000000,
		0.000000,0.000000,0.000000,1.000000;;
	}
		Frame frm-bodymesh {
			FrameTransformMatrix {
				1.000000,0.000000,0.000000,0.000000,
				0.000000,1.000000,0.000000,0.000000,
				0.000000,0.000000,1.000000,0.000000,
				0.000001,4.815176,-0.606131,1.000000;;
			}
				Frame frm-headmesh {
					FrameTransformMatrix {
						1.000000,0.000000,0.000000,0.000000,
						0.000000,1.000000,-0.000000,0.000000,
						0.000000,0.000000,1.000000,0.000000,
						0.000002,1.363866,0.270096,1.000000;;
					}
						Frame frm-cockpit {
							FrameTransformMatrix {
								1.000000,-0.000000,-0.000000,0.000000,
								0.000000,1.000000,0.000001,0.000000,
								0.000000,-0.000001,1.000000,0.000000,
								0.000012,3.487686,2.494526,1.000000;;
							}
						}
						Frame frm-mortar {
							FrameTransformMatrix {
								1.000000,-0.000000,-0.000000,0.000000,
								0.000000,1.000000,0.000000,0.000000,
								0.000000,-0.000000,1.000000,0.000000,
								0.000778,0.785871,7.571625,1.000000;;
							}
						}
				}
				Frame frm-hp_com {
					FrameTransformMatrix {
						-0.544605,-0.000000,-0.000001,0.000000,
						-0.000001,0.000000,0.544605,0.000000,
						-0.000000,0.544605,-0.000000,0.000000,
						-0.000000,-0.574444,0.182503,1.000000;;
					}
				}
		}
		Frame frm-body {
			FrameTransformMatrix {
				1.000000,-0.000000,-0.000000,0.000000,
				0.000000,1.000000,-0.000001,0.000000,
				0.000000,0.000001,1.000000,0.000000,
				0.000001,4.240731,-0.423628,1.000000;;
			}
			SI_FrameBasePoseMatrix {
				1.000000,-0.000000,-0.000000,0.000000,
				0.000000,1.000000,-0.000001,0.000000,
				0.000000,0.000001,1.000000,0.000000,
				0.000001,4.240731,-0.423628,1.000000;;
			}
				Frame frm-headroot {
					FrameTransformMatrix {
						1.000000,0.000000,-0.000000,0.000000,
						0.000000,1.000000,0.000000,0.000000,
						0.000000,0.000000,1.000000,0.000000,
						0.000002,0.938310,0.087595,1.000000;;
					}
					SI_FrameBasePoseMatrix {
						1.000000,0.000000,-0.000000,0.000000,
						0.000000,1.000000,0.000000,0.000000,
						0.000000,0.000000,1.000000,0.000000,
						0.000002,0.938310,0.087595,1.000000;;
					}
						Frame frm-head {
							FrameTransformMatrix {
								1.000000,0.000000,0.000000,0.000000,
								-0.000000,1.000000,0.000000,0.000000,
								-0.000000,-0.000000,1.000000,0.000000,
								0.000000,1.199864,0.000000,1.000000;;
							}
							SI_FrameBasePoseMatrix {
								1.000000,0.000000,0.000000,0.000000,
								-0.000000,1.000000,0.000000,0.000000,
								-0.000000,-0.000000,1.000000,0.000000,
								0.000000,1.199864,0.000000,1.000000;;
							}
								Frame frm-hp_eyepoint {
									FrameTransformMatrix {
										1.000000,-0.000000,-0.000000,0.000000,
										0.000000,1.000000,0.000000,0.000000,
										0.000000,-0.000000,1.000000,0.000000,
										0.000012,3.287820,2.494529,1.000000;;
									}
									SI_FrameBasePoseMatrix {
										1.000000,-0.000000,-0.000000,0.000000,
										0.000000,1.000000,0.000000,0.000000,
										0.000000,-0.000000,1.000000,0.000000,
										0.000012,3.287820,2.494529,1.000000;;
									}
								}
								Frame frm-mortar {
									FrameTransformMatrix {
										1.000000,0.000002,0.000002,0.000000,
										-0.000002,0.000000,1.000000,0.000000,
										0.000002,-1.000000,0.000000,0.000000,
										0.000017,0.819417,7.705483,1.000000;;
									}
									SI_FrameBasePoseMatrix {
										1.000000,0.000002,0.000002,0.000000,
										-0.000002,0.000000,1.000000,0.000000,
										0.000002,-1.000000,0.000000,0.000000,
										0.000017,0.819417,7.705483,1.000000;;
									}
										Frame frm-hp_mortar_1 {
											FrameTransformMatrix {
												1.000000,-0.000002,0.000002,0.000000,
												0.000002,-0.000001,-1.000000,0.000000,
												0.000002,1.000000,-0.000001,0.000000,
												0.000000,1.000000,-0.000001,1.000000;;
											}
											SI_FrameBasePoseMatrix {
												1.000000,-0.000002,0.000002,0.000000,
												0.000002,-0.000001,-1.000000,0.000000,
												0.000002,1.000000,-0.000001,0.000000,
												0.000000,1.000000,-0.000001,1.000000;;
											}
												Frame frm-hp_gun_1 {
													FrameTransformMatrix {
														1.000000,0.000000,0.000000,0.000000,
														0.000000,1.000000,0.000001,0.000000,
														-0.000000,-0.000001,1.000000,0.000000,
														1.000641,-0.079748,1.044784,1.000000;;
													}
													SI_FrameBasePoseMatrix {
														1.000000,0.000000,0.000000,0.000000,
														0.000000,1.000000,0.000001,0.000000,
														-0.000000,-0.000001,1.000000,0.000000,
														1.000641,-0.079748,1.044784,1.000000;;
													}
												}
												Frame frm-hp_gun_2 {
													FrameTransformMatrix {
														1.000000,0.000000,0.000000,0.000000,
														0.000000,1.000000,0.000001,0.000000,
														-0.000000,-0.000001,1.000000,0.000000,
														-1.000733,-0.079748,1.044780,1.000000;;
													}
													SI_FrameBasePoseMatrix {
														1.000000,0.000000,0.000000,0.000000,
														0.000000,1.000000,0.000001,0.000000,
														-0.000000,-0.000001,1.000000,0.000000,
														-1.000733,-0.079748,1.044780,1.000000;;
													}
												}
												Frame frm-hp_gun_3 {
													FrameTransformMatrix {
														1.000000,0.000000,0.000000,0.000000,
														-0.000000,1.000000,0.000001,0.000000,
														-0.000000,-0.000001,1.000000,0.000000,
														-0.000001,-1.080387,1.044783,1.000000;;
													}
													SI_FrameBasePoseMatrix {
														1.000000,0.000000,0.000000,0.000000,
														-0.000000,1.000000,0.000001,0.000000,
														-0.000000,-0.000001,1.000000,0.000000,
														-0.000001,-1.080387,1.044783,1.000000;;
													}
												}
										}
								}
						}
				}
				Frame frm-hp_smoke {
					FrameTransformMatrix {
						1.000000,-0.000002,0.000001,0.000000,
						0.000001,0.314951,-0.949108,0.000000,
						0.000001,0.949108,0.314951,0.000000,
						0.000000,-1.793630,-2.864609,1.000000;;
					}
					SI_FrameBasePoseMatrix {
						1.000000,-0.000002,0.000001,0.000000,
						0.000001,0.314951,-0.949108,0.000000,
						0.000001,0.949108,0.314951,0.000000,
						0.000000,-1.793630,-2.864609,1.000000;;
					}
				}
		}
		Frame frm-bleg_1_r {
			FrameTransformMatrix {
				-0.774097,0.323284,0.544298,0.000000,
				-0.632815,-0.370907,-0.679686,0.000000,
				-0.017847,-0.870583,0.491698,0.000000,
				-3.992540,4.577705,-3.297573,1.000000;;
			}
			SI_FrameBasePoseMatrix {
				-0.774097,0.323284,0.544298,0.000000,
				-0.632815,-0.370907,-0.679686,0.000000,
				-0.017847,-0.870583,0.491698,0.000000,
				-3.992540,4.577705,-3.297573,1.000000;;
			}
				Frame frm-bleg_2_r {
					FrameTransformMatrix {
						-0.505243,0.545726,-0.668515,0.000000,
						-0.290780,0.621704,0.727276,0.000000,
						0.812512,0.561842,-0.155426,0.000000,
						0.000000,1.583865,-0.000000,1.000000;;
					}
					SI_FrameBasePoseMatrix {
						-0.505243,0.545726,-0.668515,0.000000,
						-0.290780,0.621704,0.727276,0.000000,
						0.812512,0.561842,-0.155426,0.000000,
						0.000000,1.583865,-0.000000,1.000000;;
					}
				}
		}
		Frame frm-bfoot_r {
			FrameTransformMatrix {
				-0.716399,-0.063961,-0.694738,0.000000,
				0.087948,-0.996125,0.001017,0.000000,
				-0.692118,-0.060373,0.719255,0.000000,
				-5.388891,1.908686,-4.859274,1.000000;;
			}
			SI_FrameBasePoseMatrix {
				-0.716399,-0.063961,-0.694738,0.000000,
				0.087948,-0.996125,0.001017,0.000000,
				-0.692118,-0.060373,0.719255,0.000000,
				-5.388891,1.908686,-4.859274,1.000000;;
			}
				Frame frm-btoe_1_r {
					FrameTransformMatrix {
						0.073102,0.997006,0.025224,0.000000,
						0.994147,-0.070829,-0.081588,0.000000,
						-0.079557,0.031041,-0.996347,0.000000,
						0.000000,1.953722,-0.000000,1.000000;;
					}
					SI_FrameBasePoseMatrix {
						0.073102,0.997006,0.025224,0.000000,
						0.994147,-0.070829,-0.081588,0.000000,
						-0.079557,0.031041,-0.996347,0.000000,
						0.000000,1.953722,-0.000000,1.000000;;
					}
				}
				Frame frm-btoe_2_r {
					FrameTransformMatrix {
						-0.077398,-0.994017,-0.077065,0.000000,
						-0.346784,-0.045630,0.936834,0.000000,
						-0.934746,0.099234,-0.341177,0.000000,
						0.000000,1.953722,-0.000000,1.000000;;
					}
					SI_FrameBasePoseMatrix {
						-0.077398,-0.994017,-0.077065,0.000000,
						-0.346784,-0.045630,0.936834,0.000000,
						-0.934746,0.099234,-0.341177,0.000000,
						0.000000,1.953722,-0.000000,1.000000;;
					}
				}
				Frame frm-btoe_3_r {
					FrameTransformMatrix {
						-0.317791,-0.926448,0.201749,0.000000,
						-0.682236,0.075660,-0.727207,0.000000,
						0.658455,-0.368741,-0.656100,0.000000,
						0.000000,1.953722,-0.000000,1.000000;;
					}
					SI_FrameBasePoseMatrix {
						-0.317791,-0.926448,0.201749,0.000000,
						-0.682236,0.075660,-0.727207,0.000000,
						0.658455,-0.368741,-0.656100,0.000000,
						0.000000,1.953722,-0.000000,1.000000;;
					}
				}
		}
		Frame frm-fleg_1_l {
			FrameTransformMatrix {
				-0.034964,-0.797424,-0.602405,0.000000,
				0.650609,-0.475710,0.591952,0.000000,
				-0.758608,-0.371233,0.535444,0.000000,
				3.414836,4.589534,2.493848,1.000000;;
			}
			SI_FrameBasePoseMatrix {
				-0.034964,-0.797424,-0.602405,0.000000,
				0.650609,-0.475710,0.591952,0.000000,
				-0.758608,-0.371233,0.535444,0.000000,
				3.414836,4.589534,2.493848,1.000000;;
			}
				Frame frm-fleg_2_l {
					FrameTransformMatrix {
						0.672935,-0.453043,-0.584731,0.000000,
						0.676936,0.695844,0.239916,0.000000,
						0.298189,-0.557273,0.774939,0.000000,
						-0.000000,1.650585,0.000000,1.000000;;
					}
					SI_FrameBasePoseMatrix {
						0.672935,-0.453043,-0.584731,0.000000,
						0.676936,0.695844,0.239916,0.000000,
						0.298189,-0.557273,0.774939,0.000000,
						-0.000000,1.650585,0.000000,1.000000;;
					}
				}
		}
		Frame frm-ffoot_l {
			FrameTransformMatrix {
				-0.718100,0.039993,-0.694706,0.000000,
				-0.071971,-0.997262,0.016991,0.000000,
				-0.692182,0.062203,0.719033,0.000000,
				5.024009,1.724539,3.758172,1.000000;;
			}
			SI_FrameBasePoseMatrix {
				-0.718100,0.039993,-0.694706,0.000000,
				-0.071971,-0.997262,0.016991,0.000000,
				-0.692182,0.062203,0.719033,0.000000,
				5.024009,1.724539,3.758172,1.000000;;
			}
				Frame frm-ftoe_1_l {
					FrameTransformMatrix {
						-0.051352,0.995998,-0.073150,0.000000,
						-0.997915,-0.054043,-0.035294,0.000000,
						-0.039106,0.071185,0.996696,0.000000,
						-0.000000,1.766833,0.000000,1.000000;;
					}
					SI_FrameBasePoseMatrix {
						-0.051352,0.995998,-0.073150,0.000000,
						-0.997915,-0.054043,-0.035294,0.000000,
						-0.039106,0.071185,0.996696,0.000000,
						-0.000000,1.766833,0.000000,1.000000;;
					}
				}
				Frame frm-ftoe_2_l {
					FrameTransformMatrix {
						0.031119,-0.998072,0.053698,0.000000,
						0.433510,0.061886,0.899021,0.000000,
						-0.900611,-0.004698,0.434600,0.000000,
						-0.000000,1.766833,0.000000,1.000000;;
					}
					SI_FrameBasePoseMatrix {
						0.031119,-0.998072,0.053698,0.000000,
						0.433510,0.061886,0.899021,0.000000,
						-0.900611,-0.004698,0.434600,0.000000,
						-0.000000,1.766833,0.000000,1.000000;;
					}
				}
				Frame frm-ftoe_3_l {
					FrameTransformMatrix {
						-0.103380,0.986980,-0.123216,0.000000,
						0.593664,-0.038166,-0.803808,0.000000,
						-0.798045,-0.156247,-0.581989,0.000000,
						-0.000000,1.766833,0.000000,1.000000;;
					}
					SI_FrameBasePoseMatrix {
						-0.103380,0.986980,-0.123216,0.000000,
						0.593664,-0.038166,-0.803808,0.000000,
						-0.798045,-0.156247,-0.581989,0.000000,
						-0.000000,1.766833,0.000000,1.000000;;
					}
				}
		}
		Frame frm-bleg_1_l {
			FrameTransformMatrix {
				0.774096,0.282820,0.566382,0.000000,
				0.632817,-0.370907,-0.679684,0.000000,
				0.017847,0.884557,-0.466091,0.000000,
				3.992550,4.577705,-3.297561,1.000000;;
			}
			SI_FrameBasePoseMatrix {
				0.774096,0.282820,0.566382,0.000000,
				0.632817,-0.370907,-0.679684,0.000000,
				0.017847,0.884557,-0.466091,0.000000,
				3.992550,4.577705,-3.297561,1.000000;;
			}
				Frame frm-bleg_2_l {
					FrameTransformMatrix {
						0.437602,-0.607777,-0.662655,0.000000,
						-0.256954,0.621704,-0.739904,0.000000,
						0.861673,0.494055,0.115888,0.000000,
						-0.000000,1.583865,-0.000000,1.000000;;
					}
					SI_FrameBasePoseMatrix {
						0.437602,-0.607777,-0.662655,0.000000,
						-0.256954,0.621704,-0.739904,0.000000,
						0.861673,0.494055,0.115888,0.000000,
						-0.000000,1.583865,-0.000000,1.000000;;
					}
				}
		}
		Frame frm-bfoot_l {
			FrameTransformMatrix {
				-0.716379,0.062544,-0.694843,0.000000,
				-0.087948,-0.996124,0.001017,0.000000,
				-0.692116,0.061841,0.719132,0.000000,
				5.388906,1.908686,-4.859258,1.000000;;
			}
			SI_FrameBasePoseMatrix {
				-0.716379,0.062544,-0.694843,0.000000,
				-0.087948,-0.996124,0.001017,0.000000,
				-0.692116,0.061841,0.719132,0.000000,
				5.388906,1.908686,-4.859258,1.000000;;
			}
				Frame frm-btoe_1_l {
					FrameTransformMatrix {
						-0.075254,0.994396,-0.074251,0.000000,
						0.047183,-0.070828,-0.996372,0.000000,
						-0.996048,-0.078485,-0.041588,0.000000,
						-0.000000,1.953722,0.000000,1.000000;;
					}
					SI_FrameBasePoseMatrix {
						-0.075254,0.994396,-0.074251,0.000000,
						0.047183,-0.070828,-0.996372,0.000000,
						-0.996048,-0.078485,-0.041588,0.000000,
						-0.000000,1.953722,0.000000,1.000000;;
					}
				}
				Frame frm-btoe_2_l {
					FrameTransformMatrix {
						0.062171,-0.997568,0.031519,0.000000,
						-0.924295,-0.045632,0.378939,0.000000,
						-0.376579,-0.052692,-0.924885,0.000000,
						-0.000000,1.953722,0.000000,1.000000;;
					}
					SI_FrameBasePoseMatrix {
						0.062171,-0.997568,0.031519,0.000000,
						-0.924295,-0.045632,0.378939,0.000000,
						-0.376579,-0.052692,-0.924885,0.000000,
						-0.000000,1.953722,0.000000,1.000000;;
					}
				}
				Frame frm-btoe_3_l {
					FrameTransformMatrix {
						0.021018,0.990195,-0.138105,0.000000,
						0.750369,0.075660,0.656675,0.000000,
						0.660685,-0.117432,-0.741421,0.000000,
						-0.000000,1.953722,0.000000,1.000000;;
					}
					SI_FrameBasePoseMatrix {
						0.021018,0.990195,-0.138105,0.000000,
						0.750369,0.075660,0.656675,0.000000,
						0.660685,-0.117432,-0.741421,0.000000,
						-0.000000,1.953722,0.000000,1.000000;;
					}
				}
		}
		Frame frm-fleg_1_r {
			FrameTransformMatrix {
				0.034964,0.759895,0.649105,0.000000,
				-0.650611,-0.475710,0.591950,0.000000,
				0.758606,-0.443012,0.477763,0.000000,
				-3.414844,4.589534,2.493837,1.000000;;
			}
			SI_FrameBasePoseMatrix {
				0.034964,0.759895,0.649105,0.000000,
				-0.650611,-0.475710,0.591950,0.000000,
				0.758606,-0.443012,0.477763,0.000000,
				-3.414844,4.589534,2.493837,1.000000;;
			}
				Frame frm-fleg_2_r {
					FrameTransformMatrix {
						0.757527,0.580803,0.298029,0.000000,
						-0.651997,0.695843,0.301168,0.000000,
						-0.032462,-0.422456,0.905802,0.000000,
						0.000000,1.650585,-0.000000,1.000000;;
					}
					SI_FrameBasePoseMatrix {
						0.757527,0.580803,0.298029,0.000000,
						-0.651997,0.695843,0.301168,0.000000,
						-0.032462,-0.422456,0.905802,0.000000,
						0.000000,1.650585,-0.000000,1.000000;;
					}
				}
		}
		Frame frm-ffoot_r {
			FrameTransformMatrix {
				-0.718073,-0.063631,-0.693033,0.000000,
				0.071971,-0.997262,0.016991,0.000000,
				-0.692221,-0.037678,0.720700,0.000000,
				-5.024021,1.724539,3.758157,1.000000;;
			}
			SI_FrameBasePoseMatrix {
				-0.718073,-0.063631,-0.693033,0.000000,
				0.071971,-0.997262,0.016991,0.000000,
				-0.692221,-0.037678,0.720700,0.000000,
				-5.024021,1.724539,3.758157,1.000000;;
			}
				Frame frm-ftoe_1_r {
					FrameTransformMatrix {
						-0.027728,-0.998253,-0.052164,0.000000,
						0.071949,-0.054042,0.995943,0.000000,
						-0.997023,0.023862,0.073322,0.000000,
						0.000000,1.766833,-0.000000,1.000000;;
					}
					SI_FrameBasePoseMatrix {
						-0.027728,-0.998253,-0.052164,0.000000,
						0.071949,-0.054042,0.995943,0.000000,
						-0.997023,0.023862,0.073322,0.000000,
						0.000000,1.766833,-0.000000,1.000000;;
					}
				}
				Frame frm-ftoe_2_r {
					FrameTransformMatrix {
						0.026176,0.995219,0.094097,0.000000,
						-0.914346,0.061885,-0.400177,0.000000,
						-0.404087,-0.075562,0.911594,0.000000,
						0.000000,1.766833,-0.000000,1.000000;;
					}
					SI_FrameBasePoseMatrix {
						0.026176,0.995219,0.094097,0.000000,
						-0.914346,0.061885,-0.400177,0.000000,
						-0.404087,-0.075562,0.911594,0.000000,
						0.000000,1.766833,-0.000000,1.000000;;
					}
				}
				Frame frm-ftoe_3_r {
					FrameTransformMatrix {
						0.016253,0.999033,-0.040839,0.000000,
						0.781479,-0.038171,-0.622762,0.000000,
						-0.623719,-0.021793,-0.781345,0.000000,
						0.000000,1.766833,-0.000000,1.000000;;
					}
					SI_FrameBasePoseMatrix {
						0.016253,0.999033,-0.040839,0.000000,
						0.781479,-0.038171,-0.622762,0.000000,
						-0.623719,-0.021793,-0.781345,0.000000,
						0.000000,1.766833,-0.000000,1.000000;;
					}
				}
		}
}

AnimationSet {
	Animation anim-body {
		{frm-body}
		SI_AnimationKey {
			2;
			6;
			1;3;0.000001,4.240731,-0.423628;;,
			14;3;0.000000,3.422774,-0.363106;;,
			21;3;0.000000,2.152101,-0.269086;;,
			26;3;0.000000,2.152101,-0.269086;;,
			32;3;0.000000,2.152101,-0.269086;;,
			48;3;0.000000,2.152101,-0.269086;;;
		}
		SI_AnimationKey {
			0;
			6;
			1;4;1.000000,0.000000,-0.000000,0.000000;;,
			14;4;0.999629,-0.027239,0.000000,-0.000000;;,
			21;4;0.994159,-0.069275,-0.005753,-0.082560;;,
			26;4;0.994043,-0.068014,0.009426,-0.084642;;,
			32;4;0.993689,-0.066168,0.031090,-0.085071;;,
			48;4;0.993617,-0.065978,0.033306,-0.085218;;;
		}
	}
	Animation anim-headroot {
		{frm-headroot}
		SI_AnimationKey {
			2;
			6;
			1;3;0.000002,0.938310,0.087595;;,
			14;3;0.000002,0.938310,0.087595;;,
			21;3;0.000002,0.938311,0.087595;;,
			26;3;0.000002,0.938311,0.087595;;,
			32;3;0.000003,0.938311,0.087595;;,
			48;3;0.000002,0.938311,0.087595;;;
		}
		SI_AnimationKey {
			0;
			6;
			1;4;1.000000,0.000000,-0.000000,-0.000000;;,
			14;4;0.998585,-0.032501,-0.000865,-0.042085;;,
			21;4;0.990778,-0.082809,-0.002203,-0.107228;;,
			26;4;0.990315,-0.078692,0.012127,-0.113740;;,
			32;4;0.990139,-0.072804,0.032585,-0.115160;;,
			48;4;0.985346,-0.151310,0.078363,0.007580;;;
		}
	}
	Animation anim-mortar {
		{frm-mortar}
		SI_AnimationKey {
			2;
			7;
			1;3;0.000017,0.819417,7.705483;;,
			14;3;0.000018,0.819417,7.216610;;,
			21;3;0.000019,0.819417,6.457160;;,
			26;3;0.000019,0.819417,6.457160;;,
			32;3;-0.018552,0.826903,6.739019;;,
			42;3;-0.046893,0.838297,7.134944;;,
			48;3;0.000019,0.819418,6.457160;;;
		}
		SI_AnimationKey {
			0;
			7;
			1;4;0.707107,-0.707107,-0.000000,-0.000001;;,
			14;4;0.707107,-0.707107,-0.000000,-0.000001;;,
			21;4;0.707107,-0.707107,0.000000,-0.000001;;,
			26;4;0.710989,-0.703060,0.006394,-0.012680;;,
			32;4;0.716243,-0.696999,0.015520,-0.030776;;,
			42;4;0.716737,-0.696391,0.016409,-0.032537;;,
			48;4;0.716762,-0.696360,0.016454,-0.032626;;;
		}
	}
	Animation anim-bleg_1_r {
		{frm-bleg_1_r}
		SI_AnimationKey {
			2;
			6;
			1;3;-3.992540,4.577705,-3.297573;;,
			14;3;-3.905803,4.169639,-3.073839;;,
			21;3;-3.771061,3.535718,-2.726274;;,
			26;3;-3.771061,3.535718,-2.726274;;,
			32;3;-3.771061,3.535718,-2.726274;;,
			48;3;-3.771061,3.535718,-2.726274;;;
		}
		SI_AnimationKey {
			0;
			6;
			1;4;0.294403,-0.162105,0.477360,-0.811896;;,
			14;4;0.328659,-0.037281,0.681417,-0.652889;;,
			21;4;0.137235,0.039652,0.604576,-0.783634;;,
			26;4;0.118207,0.059957,0.605785,-0.784511;;,
			32;4;0.114738,0.068663,0.609246,-0.781627;;,
			48;4;0.113379,0.070406,0.609500,-0.781472;;;
		}
	}
	Animation anim-bleg_2_r {
		{frm-bleg_2_r}
		SI_AnimationKey {
			2;
			6;
			1;3;0.000000,1.583865,-0.000000;;,
			14;3;0.000000,1.583864,-0.000000;;,
			21;3;-0.000000,1.583865,-0.000000;;,
			26;3;-0.000000,1.583864,-0.000000;;,
			32;3;-0.000000,1.583865,0.000000;;,
			48;3;-0.000000,1.583864,-0.000000;;;
		}
		SI_AnimationKey {
			0;
			6;
			1;4;0.490162,-0.084377,-0.755376,-0.426648;;,
			14;4;0.522102,-0.049617,-0.811232,-0.258555;;,
			21;4;0.536660,0.007713,-0.843528,0.019934;;,
			26;4;0.533813,0.028681,-0.844902,0.019032;;,
			32;4;0.529678,0.042387,-0.847086,0.009450;;,
			48;4;0.529235,0.044471,-0.847263,0.008818;;;
		}
	}
	Animation anim-bfoot_r {
		{frm-bfoot_r}
		SI_AnimationKey {
			2;
			6;
			1;3;-5.388891,1.908686,-4.859274;;,
			14;3;-5.327683,3.623613,-5.938396;;,
			21;3;-4.395411,2.757200,-6.347684;;,
			26;3;-4.395411,2.757200,-6.347684;;,
			32;3;-4.395411,2.757200,-6.347684;;,
			48;3;-4.395411,2.757200,-6.347684;;;
		}
		SI_AnimationKey {
			0;
			6;
			1;4;0.040956,-0.374322,-0.016067,0.926254;;,
			14;4;0.320078,0.453536,0.247862,-0.793990;;,
			21;4;0.334767,0.531053,0.363634,-0.688248;;,
			26;4;0.326530,0.550694,0.374414,-0.670767;;,
			32;4;0.321062,0.556191,0.375790,-0.668097;;,
			48;4;0.320223,0.557679,0.376505,-0.666855;;;
		}
	}
	Animation anim-btoe_1_r {
		{frm-btoe_1_r}
		SI_AnimationKey {
			2;
			8;
			1;3;0.000000,1.953722,-0.000000;;,
			14;3;0.000000,1.953721,-0.000000;;,
			21;3;0.000000,1.953722,-0.000000;;,
			26;3;0.000000,1.953722,0.000001;;,
			29;3;0.000000,1.953721,0.000000;;,
			32;3;0.000000,1.953721,-0.000000;;,
			38;3;-0.000000,1.953721,0.000000;;,
			48;3;-0.000001,1.953721,0.000000;;;
		}
		SI_AnimationKey {
			0;
			8;
			1;4;0.038494,0.731484,0.680518,-0.018570;;,
			14;4;0.038494,0.731485,0.680517,-0.018569;;,
			21;4;0.038493,0.731484,0.680518,-0.018570;;,
			26;4;0.104836,0.634798,0.764725,-0.035167;;,
			29;4;0.104836,0.634798,0.764725,-0.035167;;,
			32;4;0.028303,0.728183,0.682667,-0.053984;;,
			38;4;0.104836,0.634798,0.764725,-0.035167;;,
			48;4;0.027690,0.727952,0.682767,-0.056114;;;
		}
	}
	Animation anim-btoe_2_r {
		{frm-btoe_2_r}
		SI_AnimationKey {
			2;
			8;
			1;3;0.000000,1.953722,-0.000000;;,
			14;3;0.000000,1.953721,-0.000000;;,
			21;3;0.000000,1.953722,-0.000000;;,
			26;3;0.000000,1.953722,0.000001;;,
			29;3;0.000000,1.953721,0.000000;;,
			32;3;0.000000,1.953721,-0.000000;;,
			38;3;-0.000000,1.953721,0.000000;;,
			48;3;-0.000001,1.953721,0.000000;;;
		}
		SI_AnimationKey {
			0;
			8;
			1;4;0.365990,-0.572147,0.585864,0.442111;;,
			14;4;0.365990,-0.572147,0.585864,0.442111;;,
			21;4;0.365990,-0.572147,0.585864,0.442111;;,
			26;4;0.500143,-0.490142,0.595754,0.393314;;,
			29;4;0.500143,-0.490142,0.595754,0.393314;;,
			32;4;0.397174,-0.555036,0.589329,0.432295;;,
			38;4;0.500143,-0.490142,0.595754,0.393314;;,
			48;4;0.399033,-0.553982,0.589512,0.431686;;;
		}
	}
	Animation anim-btoe_3_r {
		{frm-btoe_3_r}
		SI_AnimationKey {
			2;
			8;
			1;3;0.000000,1.953722,-0.000000;;,
			14;3;0.000000,1.953721,-0.000000;;,
			21;3;0.000000,1.953722,-0.000000;;,
			26;3;0.000000,1.953722,0.000001;;,
			29;3;0.000000,1.953721,0.000000;;,
			32;3;0.000000,1.953721,-0.000000;;,
			38;3;-0.000000,1.953721,0.000000;;,
			48;3;-0.000001,1.953721,0.000000;;;
		}
		SI_AnimationKey {
			0;
			8;
			1;4;0.159506,0.561838,-0.715812,0.382764;;,
			14;4;0.159506,0.561838,-0.715812,0.382764;;,
			21;4;0.159506,0.561838,-0.715813,0.382764;;,
			26;4;0.377396,0.415126,-0.778801,0.280557;;,
			29;4;0.377396,0.415126,-0.778801,0.280557;;,
			32;4;0.130253,0.577558,-0.703311,0.393465;;,
			38;4;0.377396,0.415126,-0.778801,0.280557;;,
			48;4;0.128487,0.578478,-0.702528,0.394091;;;
		}
	}
	Animation anim-fleg_1_l {
		{frm-fleg_1_l}
		SI_AnimationKey {
			2;
			6;
			1;3;3.414836,4.589534,2.493848;;,
			14;3;3.459227,3.788360,2.594805;;,
			21;3;3.528186,2.543758,2.751641;;,
			26;3;3.528186,2.543758,2.751641;;,
			32;3;3.528186,2.543758,2.751641;;,
			48;3;3.528186,2.543758,2.751641;;;
		}
		SI_AnimationKey {
			0;
			6;
			1;4;0.506155,-0.475737,0.077152,0.715213;;,
			14;4;0.709350,-0.439376,0.042176,0.549539;;,
			21;4;0.701641,-0.479022,-0.050032,0.525105;;,
			26;4;0.702143,-0.489349,-0.041194,0.515593;;,
			32;4;0.703013,-0.498151,-0.023998,0.506994;;,
			48;4;0.703064,-0.499281,-0.022431,0.505881;;;
		}
	}
	Animation anim-fleg_2_l {
		{frm-fleg_2_l}
		SI_AnimationKey {
			2;
			6;
			1;3;-0.000000,1.650585,0.000000;;,
			14;3;0.000000,1.650585,0.000000;;,
			21;3;0.000000,1.650585,-0.000000;;,
			26;3;-0.000001,1.650584,0.000000;;,
			32;3;-0.000000,1.650585,0.000000;;,
			48;3;0.000000,1.650584,-0.000000;;;
		}
		SI_AnimationKey {
			0;
			6;
			1;4;0.886526,-0.224807,-0.248983,0.318653;;,
			14;4;0.910327,-0.136499,-0.278274,0.274291;;,
			21;4;0.927047,0.003722,-0.317585,0.199272;;,
			26;4;0.930333,-0.004381,-0.319690,0.179611;;,
			32;4;0.931735,-0.011341,-0.322711,0.166129;;,
			48;4;0.931976,-0.012247,-0.323006,0.164128;;;
		}
	}
	Animation anim-ffoot_l {
		{frm-ffoot_l}
		SI_AnimationKey {
			2;
			6;
			1;3;5.024009,1.724539,3.758172;;,
			14;3;6.031756,2.837892,4.406139;;,
			21;3;6.866875,2.167476,4.399364;;,
			26;3;6.866875,2.167476,4.399364;;,
			32;3;6.866875,2.167476,4.399364;;,
			48;3;6.866875,2.167476,4.399364;;;
		}
		SI_AnimationKey {
			0;
			6;
			1;4;0.029886,0.374217,-0.021701,-0.926605;;,
			14;4;0.410038,-0.304790,0.078933,0.856003;;,
			21;4;0.681212,-0.147987,0.025825,0.716507;;,
			26;4;0.682165,-0.158527,0.037273,0.712832;;,
			32;4;0.679787,-0.174436,0.051050,0.710532;;,
			48;4;0.679671,-0.176020,0.052566,0.710142;;;
		}
	}
	Animation anim-ftoe_1_l {
		{frm-ftoe_1_l}
		SI_AnimationKey {
			2;
			8;
			1;3;-0.000000,1.766833,0.000000;;,
			14;3;-0.000000,1.766832,-0.000000;;,
			21;3;-0.000000,1.766833,0.000000;;,
			26;3;0.000000,1.766832,0.000000;;,
			29;3;0.000000,1.766833,-0.000000;;,
			32;3;0.000000,1.766832,-0.000000;;,
			38;3;0.000000,1.766833,-0.000000;;,
			48;3;-0.000000,1.766834,0.000000;;;
		}
		SI_AnimationKey {
			0;
			8;
			1;4;0.687623,0.038713,-0.012377,-0.724930;;,
			14;4;0.721832,0.039265,-0.010494,-0.690874;;,
			21;4;0.771632,0.039940,-0.007521,-0.634769;;,
			26;4;0.835648,0.007229,-0.125301,-0.534733;;,
			29;4;0.835648,0.007229,-0.125301,-0.534733;;,
			32;4;0.768668,0.010168,0.013852,-0.639418;;,
			38;4;0.835648,0.007229,-0.125301,-0.534733;;,
			48;4;0.768456,0.008376,0.015138,-0.639669;;;
		}
	}
	Animation anim-ftoe_2_l {
		{frm-ftoe_2_l}
		SI_AnimationKey {
			2;
			8;
			1;3;-0.000000,1.766833,0.000000;;,
			14;3;-0.000000,1.766832,-0.000000;;,
			21;3;-0.000000,1.766833,0.000000;;,
			26;3;0.000000,1.766832,0.000000;;,
			29;3;0.000000,1.766833,-0.000000;;,
			32;3;0.000000,1.766832,-0.000000;;,
			38;3;0.000000,1.766833,-0.000000;;,
			48;3;-0.000000,1.766834,0.000000;;;
		}
		SI_AnimationKey {
			0;
			8;
			1;4;0.617982,-0.365593,0.386059,0.579136;;,
			14;4;0.617982,-0.365593,0.386059,0.579136;;,
			21;4;0.617982,-0.365593,0.386059,0.579136;;,
			26;4;0.650569,-0.248439,0.498092,0.516666;;,
			29;4;0.650569,-0.248439,0.498092,0.516666;;,
			32;4;0.608770,-0.388712,0.360835,0.590000;;,
			38;4;0.650569,-0.248439,0.498092,0.516666;;,
			48;4;0.608189,-0.390086,0.359301,0.590628;;;
		}
	}
	Animation anim-ftoe_3_l {
		{frm-ftoe_3_l}
		SI_AnimationKey {
			2;
			8;
			1;3;-0.000000,1.766833,0.000000;;,
			14;3;-0.000000,1.766832,-0.000000;;,
			21;3;-0.000000,1.766833,0.000000;;,
			26;3;0.000000,1.766832,0.000000;;,
			29;3;0.000000,1.766833,-0.000000;;,
			32;3;0.000000,1.766832,-0.000000;;,
			38;3;0.000000,1.766833,-0.000000;;,
			48;3;-0.000000,1.766834,0.000000;;;
		}
		SI_AnimationKey {
			0;
			8;
			1;4;0.262899,0.615787,0.641717,-0.374018;;,
			14;4;0.262900,0.615787,0.641717,-0.374018;;,
			21;4;0.262900,0.615787,0.641717,-0.374018;;,
			26;4;0.391308,0.509674,0.728414,-0.237745;;,
			29;4;0.391308,0.509675,0.728414,-0.237745;;,
			32;4;0.284565,0.600888,0.657980,-0.353579;;,
			38;4;0.391308,0.509674,0.728414,-0.237745;;,
			48;4;0.285856,0.599965,0.658930,-0.352334;;;
		}
	}
	Animation anim-bleg_1_l {
		{frm-bleg_1_l}
		SI_AnimationKey {
			2;
			6;
			1;3;3.992550,4.577705,-3.297561;;,
			14;3;3.946736,4.083491,-3.109415;;,
			21;3;3.875565,3.315744,-2.817135;;,
			26;3;3.875565,3.315744,-2.817135;;,
			32;3;3.875565,3.315744,-2.817135;;,
			48;3;3.875565,3.315744,-2.817135;;;
		}
		SI_AnimationKey {
			0;
			6;
			1;4;0.484019,0.807944,0.283323,0.180776;;,
			14;4;0.617736,0.661786,0.381040,0.187752;;,
			21;4;0.501536,0.796718,0.238368,0.238502;;,
			26;4;0.496602,0.793108,0.242547,0.256002;;,
			32;4;0.492359,0.787333,0.256789,0.267861;;,
			48;4;0.491785,0.786733,0.257886,0.269616;;;
		}
	}
	Animation anim-bleg_2_l {
		{frm-bleg_2_l}
		SI_AnimationKey {
			2;
			6;
			1;3;-0.000000,1.583865,-0.000000;;,
			14;3;0.000000,1.583865,0.000000;;,
			21;3;0.000000,1.583865,0.000000;;,
			26;3;0.000000,1.583864,0.000000;;,
			32;3;-0.000000,1.583864,-0.000000;;,
			48;3;-0.000000,1.583864,0.000000;;;
		}
		SI_AnimationKey {
			0;
			6;
			1;4;0.737427,0.418333,-0.516772,0.118935;;,
			14;4;0.803478,0.199791,-0.554843,0.081583;;,
			21;4;0.817381,-0.161766,-0.552728,0.014551;;,
			26;4;0.813363,-0.175396,-0.553656,0.033799;;,
			32;4;0.809320,-0.175887,-0.558410,0.047368;;,
			48;4;0.808799,-0.176729,-0.558728,0.049341;;;
		}
	}
	Animation anim-bfoot_l {
		{frm-bfoot_l}
		SI_AnimationKey {
			2;
			6;
			1;3;5.388906,1.908686,-4.859258;;,
			14;3;6.436782,3.459467,-5.215903;;,
			21;3;6.546819,2.474265,-5.248162;;,
			26;3;6.546819,2.474265,-5.248162;;,
			32;3;6.546819,2.474265,-5.248162;;,
			48;3;6.546819,2.474265,-5.248162;;;
		}
		SI_AnimationKey {
			0;
			6;
			1;4;0.040443,0.374368,-0.017149,-0.926239;;,
			14;4;0.141066,-0.397691,-0.381698,0.822344;;,
			21;4;0.173415,-0.391553,-0.501148,0.751974;;,
			26;4;0.181553,-0.407124,-0.499187,0.743035;;,
			32;4;0.191867,-0.419149,-0.494372,0.736952;;,
			48;4;0.192969,-0.420791,-0.493942,0.736016;;;
		}
	}
	Animation anim-btoe_1_l {
		{frm-btoe_1_l}
		SI_AnimationKey {
			2;
			8;
			1;3;-0.000000,1.953722,0.000000;;,
			14;3;0.000000,1.953721,-0.000000;;,
			21;3;-0.000000,1.953721,-0.000000;;,
			26;3;0.000000,1.953721,0.000000;;,
			29;3;0.000001,1.953722,-0.000000;;,
			32;3;0.000000,1.953722,-0.000001;;,
			38;3;-0.000000,1.953722,-0.000000;;,
			48;3;-0.000001,1.953722,0.000000;;;
		}
		SI_AnimationKey {
			0;
			8;
			1;4;0.450647,0.509206,0.511374,-0.525475;;,
			14;4;0.450647,0.509206,0.511374,-0.525475;;,
			21;4;0.450647,0.509206,0.511374,-0.525475;;,
			26;4;0.509412,0.451868,0.550209,-0.483307;;,
			29;4;0.509412,0.451868,0.550209,-0.483307;;,
			32;4;0.438827,0.485677,0.517938,-0.550717;;,
			38;4;0.509412,0.451868,0.550209,-0.483307;;,
			48;4;0.438096,0.484240,0.518311,-0.552212;;;
		}
	}
	Animation anim-btoe_2_l {
		{frm-btoe_2_l}
		SI_AnimationKey {
			2;
			8;
			1;3;-0.000000,1.953722,0.000000;;,
			14;3;0.000000,1.953721,-0.000000;;,
			21;3;-0.000000,1.953721,-0.000000;;,
			26;3;0.000000,1.953721,0.000000;;,
			29;3;0.000001,1.953722,-0.000000;;,
			32;3;0.000000,1.953722,-0.000001;;,
			38;3;-0.000000,1.953722,-0.000000;;,
			48;3;-0.000001,1.953722,0.000000;;;
		}
		SI_AnimationKey {
			0;
			8;
			1;4;0.151372,-0.712862,0.673996,0.121012;;,
			14;4;0.151372,-0.712862,0.673996,0.121012;;,
			21;4;0.151372,-0.712862,0.673996,0.121012;;,
			26;4;0.064359,-0.613058,0.780373,0.105056;;,
			29;4;0.064359,-0.613058,0.780373,0.105056;;,
			32;4;0.169661,-0.731888,0.648171,0.124213;;,
			38;4;0.064359,-0.613057,0.780373,0.105056;;,
			48;4;0.170754,-0.733001,0.646589,0.124401;;;
		}
	}
	Animation anim-btoe_3_l {
		{frm-btoe_3_l}
		SI_AnimationKey {
			2;
			8;
			1;3;-0.000000,1.953722,0.000000;;,
			14;3;0.000000,1.953721,-0.000000;;,
			21;3;-0.000000,1.953721,-0.000000;;,
			26;3;0.000000,1.953721,0.000000;;,
			29;3;0.000001,1.953722,-0.000000;;,
			32;3;0.000000,1.953722,-0.000001;;,
			38;3;-0.000000,1.953722,-0.000000;;,
			48;3;-0.000001,1.953722,0.000000;;;
		}
		SI_AnimationKey {
			0;
			8;
			1;4;0.298017,-0.649380,-0.670086,-0.201184;;,
			14;4;0.298017,-0.649380,-0.670086,-0.201184;;,
			21;4;0.298017,-0.649380,-0.670086,-0.201184;;,
			26;4;0.238192,-0.561140,-0.771333,-0.182844;;,
			29;4;0.238192,-0.561140,-0.771333,-0.182844;;,
			32;4;0.283481,-0.628657,-0.696844,-0.197073;;,
			38;4;0.238192,-0.561140,-0.771333,-0.182844;;,
			48;4;0.282594,-0.627382,-0.698423,-0.196817;;;
		}
	}
	Animation anim-fleg_1_r {
		{frm-fleg_1_r}
		SI_AnimationKey {
			2;
			6;
			1;3;-3.414844,4.589534,2.493837;;,
			14;3;-3.419675,4.741210,2.570299;;,
			21;3;-3.427180,2.501104,2.689083;;,
			26;3;-3.427180,2.501104,2.689083;;,
			32;3;-3.427180,2.501104,2.689083;;,
			48;3;-3.427180,2.501104,2.689083;;;
		}
		SI_AnimationKey {
			0;
			6;
			1;4;0.509170,-0.508161,-0.053764,-0.692551;;,
			14;4;0.637087,-0.528383,-0.094873,-0.553110;;,
			21;4;0.653944,-0.620430,-0.139764,-0.409744;;,
			26;4;0.656001,-0.614102,-0.129764,-0.419168;;,
			32;4;0.658674,-0.604821,-0.115436,-0.432453;;,
			48;4;0.658929,-0.603855,-0.113967,-0.433801;;;
		}
	}
	Animation anim-fleg_2_r {
		{frm-fleg_2_r}
		SI_AnimationKey {
			2;
			6;
			1;3;0.000000,1.650585,-0.000000;;,
			14;3;0.000000,1.650585,0.000000;;,
			21;3;-0.000000,1.650585,-0.000000;;,
			26;3;-0.000001,1.650585,-0.000000;;,
			32;3;0.000000,1.650585,0.000000;;,
			48;3;-0.000000,1.650585,0.000000;;;
		}
		SI_AnimationKey {
			0;
			6;
			1;4;0.916402,-0.197409,0.090160,-0.336315;;,
			14;4;0.928296,-0.116625,0.170509,-0.309178;;,
			21;4;0.921178,0.012086,0.290629,-0.258497;;,
			26;4;0.918513,0.021084,0.287157,-0.270979;;,
			32;4;0.914689,0.027773,0.280341,-0.289795;;,
			48;4;0.914259,0.028716,0.279709,-0.291665;;;
		}
	}
	Animation anim-ffoot_r {
		{frm-ffoot_r}
		SI_AnimationKey {
			2;
			6;
			1;3;-5.024021,1.724539,3.758157;;,
			14;3;-5.443041,3.116828,4.684988;;,
			21;3;-5.599597,1.667843,5.552645;;,
			26;3;-5.599597,1.667843,5.552645;;,
			32;3;-5.599597,1.667843,5.552645;;,
			48;3;-5.599597,1.667843,5.552645;;;
		}
		SI_AnimationKey {
			0;
			6;
			1;4;0.036516,-0.373659,-0.005643,0.926830;;,
			14;4;0.220424,0.433620,-0.284228,-0.826197;;,
			21;4;0.527782,0.426929,-0.498017,-0.539589;;,
			26;4;0.542721,0.441961,-0.484465,-0.524804;;,
			32;4;0.545874,0.446631,-0.478118,-0.523398;;,
			48;4;0.546939,0.447797,-0.476899,-0.522401;;;
		}
	}
	Animation anim-ftoe_1_r {
		{frm-ftoe_1_r}
		SI_AnimationKey {
			2;
			8;
			1;3;0.000000,1.766833,-0.000000;;,
			14;3;0.000001,1.766833,-0.000000;;,
			21;3;-0.000000,1.766832,-0.000000;;,
			26;3;0.000001,1.766832,-0.000000;;,
			29;3;0.000000,1.766833,0.000000;;,
			32;3;-0.000000,1.766833,0.000000;;,
			38;3;0.000000,1.766832,0.000000;;,
			48;3;0.000000,1.766833,0.000000;;;
		}
		SI_AnimationKey {
			0;
			8;
			1;4;0.497884,-0.488106,0.474438,0.537376;;,
			14;4;0.497884,-0.488106,0.474438,0.537376;;,
			21;4;0.497884,-0.488106,0.474438,0.537376;;,
			26;4;0.584788,-0.400862,0.526423,0.469266;;,
			29;4;0.584788,-0.400862,0.526424,0.469266;;,
			32;4;0.479542,-0.468795,0.495839,0.551738;;,
			38;4;0.584788,-0.400862,0.526424,0.469266;;,
			48;4;0.478417,-0.467613,0.497105,0.552578;;;
		}
	}
	Animation anim-ftoe_2_r {
		{frm-ftoe_2_r}
		SI_AnimationKey {
			2;
			8;
			1;3;0.000000,1.766833,-0.000000;;,
			14;3;0.000001,1.766833,-0.000000;;,
			21;3;-0.000000,1.766832,-0.000000;;,
			26;3;0.000001,1.766832,-0.000000;;,
			29;3;0.000000,1.766833,0.000000;;,
			32;3;-0.000000,1.766833,0.000000;;,
			38;3;0.000000,1.766832,0.000000;;,
			48;3;0.000000,1.766833,0.000000;;;
		}
		SI_AnimationKey {
			0;
			8;
			1;4;0.707046,0.114779,0.176150,-0.675191;;,
			14;4;0.707046,0.114779,0.176150,-0.675191;;,
			21;4;0.707046,0.114779,0.176150,-0.675191;;,
			26;4;0.789737,0.157484,0.150894,-0.573364;;,
			29;4;0.789737,0.157484,0.150894,-0.573364;;,
			32;4;0.730321,0.126261,0.169607,-0.649556;;,
			38;4;0.789737,0.157484,0.150894,-0.573364;;,
			48;4;0.731690,0.126947,0.169206,-0.647984;;;
		}
	}
	Animation anim-ftoe_3_r {
		{frm-ftoe_3_r}
		SI_AnimationKey {
			2;
			8;
			1;3;0.000000,1.766833,-0.000000;;,
			14;3;0.000001,1.766833,-0.000000;;,
			21;3;-0.000000,1.766832,-0.000000;;,
			26;3;0.000001,1.766832,-0.000000;;,
			29;3;0.000000,1.766833,0.000000;;,
			32;3;-0.000000,1.766833,0.000000;;,
			38;3;0.000000,1.766832,0.000000;;,
			48;3;0.000000,1.766833,0.000000;;;
		}
		SI_AnimationKey {
			0;
			8;
			1;4;0.221775,0.677453,0.657062,-0.245241;;,
			14;4;0.221775,0.677453,0.657062,-0.245241;;,
			21;4;0.221775,0.677453,0.657062,-0.245241;;,
			26;4;0.187933,0.483371,0.808248,-0.278871;;,
			29;4;0.187933,0.483371,0.808248,-0.278871;;,
			32;4;0.225685,0.702715,0.630931,-0.239133;;,
			38;4;0.187933,0.483371,0.808248,-0.278871;;,
			48;4;0.225910,0.704204,0.629331,-0.238755;;;
		}
	}
}

SI_EnvelopeList {
	32;
	SI_Envelope {
		"frm-bodymesh";
		"frm-fleg_2_r";
		7;
		64;50.000000;,
		65;50.000000;,
		66;50.000000;,
		67;100.000000;,
		68;100.000000;,
		69;100.000000;,
		75;100.000000;;
	}
	SI_Envelope {
		"frm-bodymesh";
		"frm-ftoe_1_l";
		9;
		164;25.000000;,
		168;25.000000;,
		170;25.000000;,
		171;25.000000;,
		180;75.000000;,
		181;75.000000;,
		182;75.000000;,
		183;75.000000;,
		192;100.000000;;
	}
	SI_Envelope {
		"frm-bodymesh";
		"frm-ftoe_2_l";
		9;
		176;25.000000;,
		177;25.000000;,
		178;25.000000;,
		179;25.000000;,
		188;75.000000;,
		189;75.000000;,
		190;75.000000;,
		191;75.000000;,
		194;100.000000;;
	}
	SI_Envelope {
		"frm-bodymesh";
		"frm-btoe_2_r";
		9;
		90;25.000000;,
		91;25.000000;,
		92;25.000000;,
		93;25.000000;,
		102;75.000000;,
		103;75.000000;,
		104;75.000000;,
		105;75.000000;,
		108;100.000000;;
	}
	SI_Envelope {
		"frm-bodymesh";
		"frm-fleg_1_l";
		7;
		119;75.000000;,
		155;50.000000;,
		201;100.000000;,
		202;100.000000;,
		203;75.000000;,
		204;75.000000;,
		205;100.000000;;
	}
	SI_Envelope {
		"frm-bodymesh";
		"frm-ftoe_2_r";
		9;
		45;25.000000;,
		46;25.000000;,
		47;25.000000;,
		48;25.000000;,
		57;75.000000;,
		58;75.000000;,
		59;75.000000;,
		60;75.000000;,
		63;100.000000;;
	}
	SI_Envelope {
		"frm-bodymesh";
		"frm-ftoe_3_l";
		9;
		172;25.000000;,
		173;25.000000;,
		174;25.000000;,
		175;25.000000;,
		184;75.000000;,
		185;75.000000;,
		186;75.000000;,
		187;75.000000;,
		193;100.000000;;
	}
	SI_Envelope {
		"frm-bodymesh";
		"frm-ftoe_3_r";
		9;
		41;25.000000;,
		42;25.000000;,
		43;25.000000;,
		44;25.000000;,
		53;75.000000;,
		54;75.000000;,
		55;74.999994;,
		56;74.999994;,
		62;100.000000;;
	}
	SI_Envelope {
		"frm-bodymesh";
		"frm-btoe_2_l";
		9;
		221;25.000000;,
		222;25.000000;,
		223;25.000000;,
		224;25.000000;,
		233;75.000000;,
		234;75.000000;,
		235;75.000000;,
		236;75.000000;,
		239;100.000000;;
	}
	SI_Envelope {
		"frm-bodymesh";
		"frm-bleg_1_r";
		7;
		9;75.000000;,
		10;75.000000;,
		19;75.000000;,
		25;50.000000;,
		115;100.000000;,
		116;100.000000;,
		117;100.000000;;
	}
	SI_Envelope {
		"frm-bodymesh";
		"frm-btoe_1_r";
		9;
		78;25.000000;,
		82;25.000000;,
		84;25.000000;,
		85;25.000000;,
		94;75.000000;,
		95;75.000000;,
		96;75.000000;,
		97;75.000000;,
		106;100.000000;;
	}
	SI_Envelope {
		"frm-bodymesh";
		"frm-btoe_3_l";
		9;
		217;25.000000;,
		218;25.000000;,
		219;25.000000;,
		220;25.000000;,
		229;75.000000;,
		230;75.000000;,
		231;75.000000;,
		232;75.000000;,
		238;100.000000;;
	}
	SI_Envelope {
		"frm-bodymesh";
		"frm-btoe_1_l";
		9;
		209;25.000000;,
		213;25.000000;,
		215;25.000000;,
		216;25.000000;,
		225;75.000000;,
		226;75.000000;,
		227;75.000000;,
		228;75.000000;,
		237;100.000000;;
	}
	SI_Envelope {
		"frm-bodymesh";
		"frm-bfoot_r";
		33;
		76;100.000000;,
		77;100.000000;,
		78;75.000000;,
		79;100.000000;,
		80;100.000000;,
		81;100.000000;,
		82;75.000000;,
		83;100.000000;,
		84;75.000000;,
		85;75.000000;,
		86;75.000000;,
		87;75.000000;,
		88;75.000000;,
		89;75.000000;,
