xsi 0101txt 0032

SI_CoordinateSystem coord {
	1;
	0;
	1;
	0;
	2;
	5;
}

Frame frm-hp_bones {
	FrameTransformMatrix {
		1.000000,0.000002,0.000000,0.000000,
		-0.000002,1.000000,-0.000001,0.000000,
		-0.000000,0.000001,1.000000,0.000000,
		0.000000,1.535179,-0.241553,1.000000;;
	}
		Frame frm-body {
			FrameTransformMatrix {
				1.000000,-0.000000,-0.000000,0.000000,
				0.000000,1.000000,0.000000,0.000000,
				0.000000,-0.000000,1.000000,0.000000,
				-0.000000,-0.000000,0.000000,1.000000;;
			}
				Frame frm-flame_1__h {
					FrameTransformMatrix {
						1.000000,0.000000,0.000000,0.000000,
						-0.000000,1.000000,-0.000000,0.000000,
						-0.000000,-0.000000,1.000000,0.000000,
						-0.000001,-0.065934,-1.564608,1.000000;;
					}
				}
				Frame frm-hp_com {
					FrameTransformMatrix {
						-1.000000,-0.000002,-0.000001,0.000000,
						-0.000001,0.000001,1.000000,0.000000,
						-0.000002,1.000000,-0.000001,0.000000,
						-0.000002,0.075734,0.052513,1.000000;;
					}
				}
				Frame frm-hp_smoke {
					FrameTransformMatrix {
						-1.000000,-0.000002,-0.000001,0.000000,
						-0.000001,0.000001,1.000000,0.000000,
						-0.000002,1.000000,-0.000001,0.000000,
						-0.000002,0.417125,-0.598265,1.000000;;
					}
				}
				Frame frm-turret_y {
					FrameTransformMatrix {
						1.000000,0.000000,0.000000,0.000000,
						-0.000000,1.000000,-0.000000,0.000000,
						-0.000000,-0.000000,1.000000,0.000000,
						-0.000003,0.593267,-0.080938,1.000000;;
					}
						Frame frm-head {
							FrameTransformMatrix {
								1.000000,-0.000000,-0.000000,0.000000,
								0.000000,1.000000,-0.000000,0.000000,
								0.000000,0.000000,1.000000,0.000000,
								-0.000000,0.153063,-0.000000,1.000000;;
							}
								Frame frm-cockpit {
									FrameTransformMatrix {
										1.000000,0.000000,0.000000,0.000000,
										-0.000000,1.000000,-0.000000,0.000000,
										-0.000000,0.000000,1.000000,0.000000,
										-0.000001,0.748563,0.586779,1.000000;;
									}
										Frame frm-hp_eyepoint {
											FrameTransformMatrix {
												1.000000,0.000002,-0.000002,0.000000,
												-0.000002,1.000000,0.000001,0.000000,
												0.000002,-0.000000,1.000000,0.000000,
												-0.000000,0.074885,0.181517,1.000000;;
											}
										}
								}
								Frame frm-turret_x {
									FrameTransformMatrix {
										1.000000,-0.000001,0.000000,0.000000,
										0.000001,0.992903,-0.118923,0.000000,
										0.000000,0.118923,0.992903,0.000000,
										0.000004,0.567838,-0.187690,1.000000;;
									}
										Frame frm-hp_gun_1 {
											FrameTransformMatrix {
												1.000000,0.000002,-0.000002,0.000000,
												-0.000002,0.992903,0.118924,0.000000,
												0.000002,-0.118924,0.992904,0.000000,
												-1.862121,-0.535696,2.204198,1.000000;;
											}
										}
										Frame frm-hp_gun_2 {
											FrameTransformMatrix {
												1.000000,0.000002,-0.000002,0.000000,
												-0.000002,0.992903,0.118924,0.000000,
												0.000002,-0.118924,0.992904,0.000000,
												1.862111,-0.535690,2.204201,1.000000;;
											}
										}
								}
						}
				}
		}
		Frame frm-ra1 {
			FrameTransformMatrix {
				0.841977,0.363025,0.399109,0.000000,
				-0.363025,-0.166027,0.916869,0.000000,
				0.399109,-0.916869,-0.008004,0.000000,
				-1.129664,-0.050613,0.866825,1.000000;;
			}
			SI_FrameBasePoseMatrix {
				0.927847,0.297448,0.224999,0.000000,
				-0.337956,0.415368,0.844544,0.000000,
				0.157751,-0.859648,0.485922,0.000000,
				-1.229664,-0.156680,0.866825,1.000000;;
			}
				Frame frm-ra2 {
					FrameTransformMatrix {
						0.219436,0.884645,-0.411401,0.000000,
						-0.506471,0.463700,0.726960,0.000000,
						0.833868,0.048841,0.549799,0.000000,
						-0.000000,1.016374,0.000000,1.000000;;
					}
					SI_FrameBasePoseMatrix {
						0.591795,0.788474,0.167591,0.000000,
						-0.066624,-0.159352,0.984971,0.000000,
						0.803331,-0.594067,-0.041772,0.000000,
						-0.000000,1.016374,0.000000,1.000000;;
					}
				}
		}
		Frame frm-rb1 {
			FrameTransformMatrix {
				0.835373,0.370490,-0.406064,0.000000,
				-0.370490,-0.166216,-0.913843,0.000000,
				-0.406064,0.913843,-0.001589,0.000000,
				-1.129663,-0.050614,-0.909488,1.000000;;
			}
			SI_FrameBasePoseMatrix {
				0.499608,0.368305,-0.784056,0.000000,
				-0.835426,-0.034445,-0.548522,0.000000,
				-0.229030,0.929067,0.290483,0.000000,
				-1.129663,-0.129570,-0.909488,1.000000;;
			}
				Frame frm-rb2 {
					FrameTransformMatrix {
						-0.745521,0.177772,0.642336,0.000000,
						-0.512395,0.463434,-0.722966,0.000000,
						-0.426203,-0.868116,-0.254410,0.000000,
						0.000000,1.015224,0.000000,1.000000;;
					}
					SI_FrameBasePoseMatrix {
						-0.954846,0.182474,-0.234462,0.000000,
						0.163172,-0.337405,-0.927110,0.000000,
						-0.248282,-0.923505,0.292396,0.000000,
						0.000000,1.015224,-0.000000,1.000000;;
					}
				}
		}
		Frame frm-la1 {
			FrameTransformMatrix {
				0.841978,0.479925,-0.246465,0.000000,
				0.363022,-0.166027,0.916870,0.000000,
				0.399109,-0.861456,-0.314014,0.000000,
				1.129661,-0.050613,0.866829,1.000000;;
			}
			SI_FrameBasePoseMatrix {
				0.709506,0.477146,-0.518588,0.000000,
				0.337954,0.415368,0.844546,0.000000,
				0.618376,-0.774469,0.133453,0.000000,
				1.229661,-0.156680,0.866829,1.000000;;
			}
				Frame frm-la2 {
					FrameTransformMatrix {
						0.427266,-0.737693,0.522735,0.000000,
						-0.242107,0.463700,0.852272,0.000000,
						-0.871107,-0.490705,0.019522,0.000000,
						-0.000000,1.016374,0.000000,1.000000;;
					}
					SI_FrameBasePoseMatrix {
						0.689131,-0.275638,0.670166,0.000000,
						-0.720285,-0.159352,0.675127,0.000000,
						-0.079299,-0.947961,-0.308352,0.000000,
						0.000000,1.016374,0.000000,1.000000;;
					}
				}
		}
		Frame frm-lb1 {
			FrameTransformMatrix {
				0.835372,0.489748,0.249601,0.000000,
				0.370493,-0.166216,-0.913842,0.000000,
				-0.406064,0.855873,-0.320300,0.000000,
				1.129666,-0.050614,-0.909485,1.000000;;
			}
			SI_FrameBasePoseMatrix {
				0.488735,0.503069,0.712783,0.000000,
				0.835428,-0.034444,-0.548519,0.000000,
				-0.251392,0.863559,-0.437112,0.000000,
				1.129666,-0.129570,-0.909485,1.000000;;
			}
				Frame frm-lb2 {
					FrameTransformMatrix {
						0.946418,0.301241,-0.116390,0.000000,
						-0.251986,0.463434,-0.849548,0.000000,
						-0.201980,0.833356,0.514511,0.000000,
						0.000000,1.015224,-0.000000,1.000000;;
					}
					SI_FrameBasePoseMatrix {
						0.345899,0.313889,-0.884210,0.000000,
						-0.829853,-0.337405,-0.444412,0.000000,
						-0.437833,0.887486,0.143773,0.000000,
						0.000000,1.015224,-0.000000,1.000000;;
					}
				}
		}
}

AnimationSet {
	Animation anim-ra1 {
		{frm-ra1}
		SI_AnimationKey {
			2;
			3;
			0;3;-1.229664,-0.156680,0.866825;;,
			1;3;-1.229664,-0.156680,0.866825;;,
			2;3;-1.229664,-0.156680,0.866825;;;
		}
		SI_AnimationKey {
			0;
			3;
			0;4;0.831198,-0.477608,0.129592,-0.253391;;,
			1;4;0.841002,-0.506596,0.019990,-0.188883;;,
			2;4;0.825394,-0.535469,-0.162510,-0.074758;;;
		}
	}
	Animation anim-ra2 {
		{frm-ra2}
		SI_AnimationKey {
			2;
			3;
			0;3;0.000000,1.016374,0.000000;;,
			1;3;-0.000000,1.016374,0.000000;;,
			2;3;-0.000000,1.016374,0.000000;;;
		}
		SI_AnimationKey {
			0;
			3;
			0;4;0.639903,-0.626006,-0.346520,-0.280294;;,
			1;4;0.589634,-0.669500,-0.269548,-0.362555;;,
			2;4;0.575780,-0.774337,-0.168259,-0.201417;;;
		}
	}
	Animation anim-rb1 {
		{frm-rb1}
		SI_AnimationKey {
			2;
			3;
			0;3;-1.129663,-0.129570,-0.909488;;,
			1;3;-1.129663,-0.129570,-0.909488;;,
			2;3;-1.129663,-0.129570,-0.909488;;;
		}
		SI_AnimationKey {
			0;
			3;
			0;4;0.584058,0.639281,-0.266940,-0.423012;;,
			1;4;0.662504,0.557577,-0.209443,-0.454236;;,
			2;4;0.694137,0.656143,-0.030837,-0.294446;;;
		}
	}
	Animation anim-rb2 {
		{frm-rb2}
		SI_AnimationKey {
			2;
			3;
			0;3;-0.000000,1.015224,0.000000;;,
			1;3;0.000000,1.015224,-0.000000;;,
			2;3;0.000000,1.015225,0.000000;;;
		}
		SI_AnimationKey {
			0;
			3;
			0;4;0.034891,0.044383,0.522043,-0.851049;;,
			1;4;-0.006003,-0.150137,-0.575553,0.803842;;,
			2;4;0.189909,0.276824,0.443160,-0.831211;;;
		}
	}
	Animation anim-la1 {
		{frm-la1}
		SI_AnimationKey {
			2;
			3;
			0;3;1.229661,-0.156680,0.866829;;,
			1;3;1.229661,-0.156680,0.866829;;,
			2;3;1.229661,-0.156680,0.866829;;;
		}
		SI_AnimationKey {
			0;
			3;
			0;4;0.815452,-0.515883,-0.206692,-0.161805;;,
			1;4;0.751386,-0.538676,-0.378289,-0.046312;;,
			2;4;0.695582,-0.540112,-0.473128,0.024396;;;
		}
	}
	Animation anim-la2 {
		{frm-la2}
		SI_AnimationKey {
			2;
			3;
			0;3;-0.000000,1.016374,-0.000000;;,
			1;3;0.000000,1.016374,0.000000;;,
			2;3;-0.000000,1.016374,0.000000;;;
		}
		SI_AnimationKey {
			0;
			3;
			0;4;0.551123,-0.698586,0.236846,-0.390057;;,
			1;4;0.552591,-0.734308,0.339068,-0.201165;;,
			2;4;0.593154,-0.646001,0.421569,-0.230499;;;
		}
	}
	Animation anim-lb1 {
		{frm-lb1}
		SI_AnimationKey {
			2;
			3;
			0;3;1.129666,-0.129570,-0.909485;;,
			1;3;1.129666,-0.129570,-0.909485;;,
			2;3;1.129666,-0.129570,-0.909485;;;
		}
		SI_AnimationKey {
			0;
			3;
			0;4;0.610809,0.718844,0.331195,-0.022031;;,
			1;4;0.504276,0.700052,0.477999,0.164770;;,
			2;4;0.408587,0.759885,0.495416,0.100969;;;
		}
	}
	Animation anim-lb2 {
		{frm-lb2}
		SI_AnimationKey {
			2;
			3;
			0;3;-0.000000,1.015224,0.000000;;,
			1;3;0.000000,1.015224,-0.000000;;,
			2;3;0.000000,1.015224,-0.000000;;;
		}
		SI_AnimationKey {
			0;
			3;
			0;4;0.481989,0.580588,0.011976,-0.656096;;,
			1;4;0.536719,0.620389,-0.207920,-0.532748;;,
			2;4;0.497742,0.714237,-0.161243,-0.464887;;;
		}
	}
}

SI_EnvelopeList {
	8;
	SI_Envelope {
		"frm-body";
		"frm-ra1";
		8;
		9;0.000000;,
		10;0.000000;,
		12;0.000000;,
		13;0.000000;,
		18;100.000000;,
		19;100.000000;,
		20;100.000000;,
		21;100.000000;;
	}
	SI_Envelope {
		"frm-body";
		"frm-rb2";
		5;
		24;100.000000;,
		25;100.000000;,
		30;100.000000;,
		31;100.000000;,
		32;100.000000;;
	}
	SI_Envelope {
		"frm-body";
		"frm-rb1";
		8;
		2;0.000001;,
		6;0.000005;,
		14;0.000000;,
		15;0.000000;,
		16;100.000000;,
		17;100.000000;,
		22;100.000000;,
		23;100.000000;;
	}
	SI_Envelope {
		"frm-body";
		"frm-la1";
		8;
		50;0.000000;,
		51;0.000000;,
		56;0.000005;,
		57;0.000003;,
		64;99.999446;,
		65;100.000000;,
		66;100.000000;,
		67;100.000000;;
	}
	SI_Envelope {
		"frm-body";
		"frm-lb2";
		5;
		70;100.000000;,
		71;100.000000;,
		76;100.000000;,
		77;100.000000;,
		78;100.000000;;
	}
	SI_Envelope {
		"frm-body";
		"frm-la2";
		5;
		72;100.000000;,
		73;100.000000;,
		74;100.000000;,
		75;100.000000;,
		79;100.000000;;
	}
	SI_Envelope {
		"frm-body";
		"frm-ra2";
		5;
		26;99.999964;,
		27;100.000000;,
		28;100.000000;,
		29;100.000000;,
		33;100.000000;;
	}
	SI_Envelope {
		"frm-body";
		"frm-lb1";
		8;
		40;0.000000;,
		46;0.000000;,
		58;0.000000;,
		59;0.000000;,
		62;100.000000;,
		63;100.000000;,
		68;100.000000;,
		69;100.000000;;
	}
}
