xsi 0101txt 0032

SI_CoordinateSystem coord {
	1;
	0;
	1;
	0;
	2;
	5;
}

Frame frm-hp_bones {
	FrameTransformMatrix {
		1.000000,0.000002,0.000000,0.000000,
		-0.000002,1.000000,-0.000001,0.000000,
		-0.000000,0.000001,1.000000,0.000000,
		0.000000,1.535179,-0.241553,1.000000;;
	}
		Frame frm-body {
			FrameTransformMatrix {
				1.000000,-0.000000,-0.000000,0.000000,
				0.000000,1.000000,0.000000,0.000000,
				0.000000,-0.000000,1.000000,0.000000,
				-0.000000,-0.000000,0.000000,1.000000;;
			}
				Frame frm-flame_1__h {
					FrameTransformMatrix {
						1.000000,0.000000,0.000000,0.000000,
						-0.000000,1.000000,-0.000000,0.000000,
						-0.000000,-0.000000,1.000000,0.000000,
						-0.000001,-0.065934,-1.564608,1.000000;;
					}
				}
				Frame frm-hp_com {
					FrameTransformMatrix {
						-1.000000,-0.000002,-0.000001,0.000000,
						-0.000001,0.000001,1.000000,0.000000,
						-0.000002,1.000000,-0.000001,0.000000,
						-0.000002,0.075734,0.052513,1.000000;;
					}
				}
				Frame frm-hp_smoke {
					FrameTransformMatrix {
						-1.000000,-0.000002,-0.000001,0.000000,
						-0.000001,0.000001,1.000000,0.000000,
						-0.000002,1.000000,-0.000001,0.000000,
						-0.000002,0.417125,-0.598265,1.000000;;
					}
				}
				Frame frm-turret_y {
					FrameTransformMatrix {
						1.000000,0.000000,0.000000,0.000000,
						-0.000000,1.000000,-0.000000,0.000000,
						-0.000000,-0.000000,1.000000,0.000000,
						-0.000003,0.593267,-0.080938,1.000000;;
					}
						Frame frm-head {
							FrameTransformMatrix {
								1.000000,-0.000000,-0.000000,0.000000,
								0.000000,1.000000,-0.000000,0.000000,
								0.000000,0.000000,1.000000,0.000000,
								-0.000000,0.153063,-0.000000,1.000000;;
							}
								Frame frm-cockpit {
									FrameTransformMatrix {
										1.000000,0.000000,0.000000,0.000000,
										-0.000000,1.000000,-0.000000,0.000000,
										-0.000000,0.000000,1.000000,0.000000,
										-0.000001,0.748563,0.586779,1.000000;;
									}
										Frame frm-hp_eyepoint {
											FrameTransformMatrix {
												1.000000,0.000002,-0.000002,0.000000,
												-0.000002,1.000000,0.000001,0.000000,
												0.000002,-0.000000,1.000000,0.000000,
												-0.000000,0.074885,0.181517,1.000000;;
											}
										}
								}
								Frame frm-turret_x {
									FrameTransformMatrix {
										1.000000,-0.000001,0.000000,0.000000,
										0.000001,0.992903,-0.118923,0.000000,
										0.000000,0.118923,0.992903,0.000000,
										0.000004,0.567838,-0.187690,1.000000;;
									}
										Frame frm-hp_gun_1 {
											FrameTransformMatrix {
												1.000000,0.000002,-0.000002,0.000000,
												-0.000002,0.992903,0.118924,0.000000,
												0.000002,-0.118924,0.992904,0.000000,
												-1.862121,-0.535696,2.204198,1.000000;;
											}
										}
										Frame frm-hp_gun_2 {
											FrameTransformMatrix {
												1.000000,0.000002,-0.000002,0.000000,
												-0.000002,0.992903,0.118924,0.000000,
												0.000002,-0.118924,0.992904,0.000000,
												1.862111,-0.535690,2.204201,1.000000;;
											}
										}
								}
						}
				}
		}
		Frame frm-ra1 {
			FrameTransformMatrix {
				0.841977,0.363025,0.399109,0.000000,
				-0.363025,-0.166027,0.916869,0.000000,
				0.399109,-0.916869,-0.008004,0.000000,
				-1.129664,-0.050613,0.866825,1.000000;;
			}
			SI_FrameBasePoseMatrix {
				0.948672,0.254758,-0.187405,0.000000,
				0.065468,0.421539,0.904444,0.000000,
				0.309413,-0.870289,0.383224,0.000000,
				-1.229664,-0.156680,0.866825,1.000000;;
			}
				Frame frm-ra2 {
					FrameTransformMatrix {
						0.219436,0.884645,-0.411401,0.000000,
						-0.506471,0.463700,0.726960,0.000000,
						0.833868,0.048841,0.549799,0.000000,
						-0.000000,1.016374,0.000000,1.000000;;
					}
					SI_FrameBasePoseMatrix {
						0.868629,0.198734,-0.453860,0.000000,
						0.358981,0.378923,0.852965,0.000000,
						0.341491,-0.903838,0.257801,0.000000,
						-0.000000,1.016374,-0.000000,1.000000;;
					}
				}
		}
		Frame frm-rb1 {
			FrameTransformMatrix {
				0.835373,0.370490,-0.406064,0.000000,
				-0.370490,-0.166216,-0.913843,0.000000,
				-0.406064,0.913843,-0.001589,0.000000,
				-1.129663,-0.050614,-0.909488,1.000000;;
			}
			SI_FrameBasePoseMatrix {
				0.437649,0.818411,0.372379,0.000000,
				0.097380,0.368569,-0.924486,0.000000,
				-0.893857,0.440862,0.081607,0.000000,
				-1.129663,-0.129570,-0.909488,1.000000;;
			}
				Frame frm-rb2 {
					FrameTransformMatrix {
						-0.745521,0.177772,0.642336,0.000000,
						-0.512395,0.463434,-0.722966,0.000000,
						-0.426203,-0.868116,-0.254410,0.000000,
						0.000000,1.015224,0.000000,1.000000;;
					}
					SI_FrameBasePoseMatrix {
						-0.969685,-0.211475,0.122433,0.000000,
						-0.203904,0.424142,-0.882342,0.000000,
						0.134664,-0.880558,-0.454404,0.000000,
						0.000000,1.015224,0.000000,1.000000;;
					}
				}
		}
		Frame frm-la1 {
			FrameTransformMatrix {
				0.841978,0.479925,-0.246465,0.000000,
				0.363022,-0.166027,0.916870,0.000000,
				0.399109,-0.861456,-0.314014,0.000000,
				1.129661,-0.050613,0.866829,1.000000;;
			}
			SI_FrameBasePoseMatrix {
				0.840089,0.512409,-0.178010,0.000000,
				-0.065470,0.421539,0.904444,0.000000,
				0.538483,-0.748159,0.387678,0.000000,
				1.229661,-0.156680,0.866829,1.000000;;
			}
				Frame frm-la2 {
					FrameTransformMatrix {
						0.427266,-0.737693,0.522735,0.000000,
						-0.242107,0.463700,0.852272,0.000000,
						-0.871107,-0.490705,0.019522,0.000000,
						-0.000000,1.016374,0.000000,1.000000;;
					}
					SI_FrameBasePoseMatrix {
						0.408013,0.382161,0.829143,0.000000,
						-0.887537,0.378923,0.262099,0.000000,
						-0.214017,-0.842835,0.493788,0.000000,
						-0.000000,1.016374,-0.000000,1.000000;;
					}
				}
		}
		Frame frm-lb1 {
			FrameTransformMatrix {
				0.835372,0.489748,0.249601,0.000000,
				0.370493,-0.166216,-0.913842,0.000000,
				-0.406064,0.855873,-0.320300,0.000000,
				1.129666,-0.050614,-0.909485,1.000000;;
			}
			SI_FrameBasePoseMatrix {
				0.973263,-0.158896,-0.165862,0.000000,
				-0.097377,0.368569,-0.924486,0.000000,
				0.208029,0.915920,0.343242,0.000000,
				1.129666,-0.129570,-0.909485,1.000000;;
			}
				Frame frm-lb2 {
					FrameTransformMatrix {
						0.946418,0.301241,-0.116390,0.000000,
						-0.251986,0.463434,-0.849548,0.000000,
						-0.201980,0.833356,0.514511,0.000000,
						0.000000,1.015224,-0.000000,1.000000;;
					}
					SI_FrameBasePoseMatrix {
						0.751619,-0.082132,-0.654465,0.000000,
						-0.567885,0.424142,-0.705415,0.000000,
						0.335523,0.901864,0.272151,0.000000,
						0.000000,1.015225,0.000000,1.000000;;
					}
				}
		}
}

AnimationSet {
	Animation anim-ra1 {
		{frm-ra1}
		SI_AnimationKey {
			2;
			3;
			0;3;-1.229664,-0.156680,0.866825;;,
			1;3;-1.229664,-0.156680,0.866825;;,
			2;3;-1.229664,-0.156680,0.866825;;;
		}
		SI_AnimationKey {
			0;
			3;
			0;4;0.840149,-0.501784,0.070134,-0.193502;;,
			1;4;0.829674,-0.534768,-0.149703,-0.057037;;,
			2;4;0.829674,-0.534768,-0.149703,-0.057037;;;
		}
	}
	Animation anim-ra2 {
		{frm-ra2}
		SI_AnimationKey {
			2;
			3;
			0;3;-0.000000,1.016374,0.000000;;,
			1;3;-0.000000,1.016374,-0.000000;;,
			2;3;0.000000,1.016374,0.000000;;;
		}
		SI_AnimationKey {
			0;
			3;
			0;4;0.843332,-0.385044,-0.282765,-0.246122;;,
			1;4;0.791415,-0.554956,-0.251243,0.050620;;,
			2;4;0.813796,-0.518075,-0.262181,-0.024412;;;
		}
	}
	Animation anim-rb1 {
		{frm-rb1}
		SI_AnimationKey {
			2;
			3;
			0;3;-1.129663,-0.129570,-0.909488;;,
			1;3;-1.129663,-0.129570,-0.909488;;,
			2;3;-1.129663,-0.129570,-0.909488;;;
		}
		SI_AnimationKey {
			0;
			3;
			0;4;0.793757,0.394961,0.232882,-0.399652;;,
			1;4;0.686991,0.496858,0.460791,-0.262388;;,
			2;4;0.686991,0.496858,0.460791,-0.262388;;;
		}
	}
	Animation anim-rb2 {
		{frm-rb2}
		SI_AnimationKey {
			2;
			3;
			0;3;0.000000,1.015224,-0.000000;;,
			1;3;0.000000,1.015224,0.000000;;,
			2;3;0.000000,1.015224,0.000000;;;
		}
		SI_AnimationKey {
			0;
			3;
			0;4;-0.005350,-0.171537,0.873266,-0.456018;;,
			1;4;-0.003624,-0.123063,0.843835,-0.522288;;,
			2;4;0.000782,0.001396,0.742770,-0.669545;;;
		}
	}
	Animation anim-la1 {
		{frm-la1}
		SI_AnimationKey {
			2;
			3;
			0;3;1.229661,-0.156680,0.866829;;,
			1;3;1.229661,-0.156680,0.866829;;,
			2;3;1.229661,-0.156680,0.866829;;;
		}
		SI_AnimationKey {
			0;
			3;
			0;4;0.813834,-0.507659,-0.220098,-0.177517;;,
			1;4;0.813835,-0.507659,-0.220098,-0.177517;;,
			2;4;0.729138,-0.536306,-0.423234,-0.040076;;;
		}
	}
	Animation anim-la2 {
		{frm-la2}
		SI_AnimationKey {
			2;
			3;
			0;3;-0.000000,1.016374,-0.000000;;,
			1;3;-0.000000,1.016374,-0.000000;;,
			2;3;0.000000,1.016374,-0.000000;;;
		}
		SI_AnimationKey {
			0;
			3;
			0;4;0.775992,-0.391076,0.358941,-0.340671;;,
			1;4;0.755103,-0.365822,0.345370,-0.420372;;,
			2;4;0.802814,-0.448327,0.382955,-0.088531;;;
		}
	}
	Animation anim-lb1 {
		{frm-lb1}
		SI_AnimationKey {
			2;
			3;
			0;3;1.129666,-0.129570,-0.909485;;,
			1;3;1.129666,-0.129570,-0.909485;;,
			2;3;1.129666,-0.129570,-0.909485;;;
		}
		SI_AnimationKey {
			0;
			3;
			0;4;0.823506,0.560219,-0.078241,0.043249;;,
			1;4;0.819310,0.561572,-0.114087,0.018772;;,
			2;4;0.815696,0.529936,0.137565,0.186771;;;
		}
	}
	Animation anim-lb2 {
		{frm-lb2}
		SI_AnimationKey {
			2;
			3;
			0;3;-0.000000,1.015225,0.000000;;,
			1;3;0.000000,1.015225,0.000000;;,
			2;3;0.000000,1.015224,0.000000;;;
		}
		SI_AnimationKey {
			0;
			3;
			0;4;0.711295,0.567810,-0.284225,-0.301442;;,
			1;4;0.782290,0.513645,-0.316375,-0.155234;;,
			2;4;0.808982,0.480588,-0.328895,-0.080077;;;
		}
	}
}

SI_EnvelopeList {
	8;
	SI_Envelope {
		"frm-body";
		"frm-ra1";
		8;
		9;0.000000;,
		10;0.000000;,
		12;0.000000;,
		13;0.000000;,
		18;100.000000;,
		19;100.000000;,
		20;100.000000;,
		21;100.000000;;
	}
	SI_Envelope {
		"frm-body";
		"frm-rb2";
		5;
		24;100.000000;,
		25;100.000000;,
		30;100.000000;,
		31;100.000000;,
		32;100.000000;;
	}
	SI_Envelope {
		"frm-body";
		"frm-rb1";
		8;
		2;0.000001;,
		6;0.000005;,
		14;0.000000;,
		15;0.000000;,
		16;100.000000;,
		17;100.000000;,
		22;100.000000;,
		23;100.000000;;
	}
	SI_Envelope {
		"frm-body";
		"frm-la1";
		8;
		50;0.000000;,
		51;0.000000;,
		56;0.000005;,
		57;0.000003;,
		64;99.999446;,
		65;100.000000;,
		66;100.000000;,
		67;100.000000;;
	}
	SI_Envelope {
		"frm-body";
		"frm-lb2";
		5;
		70;100.000000;,
		71;100.000000;,
		76;100.000000;,
		77;100.000000;,
		78;100.000000;;
	}
	SI_Envelope {
		"frm-body";
		"frm-la2";
		5;
		72;100.000000;,
		73;100.000000;,
		74;100.000000;,
		75;100.000000;,
		79;100.000000;;
	}
	SI_Envelope {
		"frm-body";
		"frm-ra2";
		5;
		26;99.999964;,
		27;100.000000;,
		28;100.000000;,
		29;100.000000;,
		33;100.000000;;
	}
	SI_Envelope {
		"frm-body";
		"frm-lb1";
		8;
		40;0.000000;,
		46;0.000000;,
		58;0.000000;,
		59;0.000000;,
		62;100.000000;,
		63;100.000000;,
		68;100.000000;,
		69;100.000000;;
	}
}
