xsi 0101txt 0032

SI_CoordinateSystem coord {
	1;
	0;
	1;
	0;
	2;
	5;
}

Frame frm-hp_bones {
	FrameTransformMatrix {
		1.000000,0.000002,0.000000,0.000000,
		-0.000002,1.000000,-0.000001,0.000000,
		-0.000000,0.000001,1.000000,0.000000,
		0.000000,1.535179,-0.241553,1.000000;;
	}
		Frame frm-body {
			FrameTransformMatrix {
				1.000000,-0.000000,-0.000000,0.000000,
				0.000000,1.000000,0.000000,0.000000,
				0.000000,-0.000000,1.000000,0.000000,
				-0.000000,-0.000000,0.000000,1.000000;;
			}
				Frame frm-flame_1__h {
					FrameTransformMatrix {
						1.000000,0.000000,0.000000,0.000000,
						-0.000000,1.000000,-0.000000,0.000000,
						-0.000000,-0.000000,1.000000,0.000000,
						-0.000001,-0.065934,-1.564608,1.000000;;
					}
				}
				Frame frm-hp_com {
					FrameTransformMatrix {
						-1.000000,-0.000002,-0.000001,0.000000,
						-0.000001,0.000001,1.000000,0.000000,
						-0.000002,1.000000,-0.000001,0.000000,
						-0.000002,0.075734,0.052513,1.000000;;
					}
				}
				Frame frm-hp_smoke {
					FrameTransformMatrix {
						-1.000000,-0.000002,-0.000001,0.000000,
						-0.000001,0.000001,1.000000,0.000000,
						-0.000002,1.000000,-0.000001,0.000000,
						-0.000002,0.417125,-0.598265,1.000000;;
					}
				}
				Frame frm-turret_y {
					FrameTransformMatrix {
						1.000000,0.000000,0.000000,0.000000,
						-0.000000,1.000000,-0.000000,0.000000,
						-0.000000,-0.000000,1.000000,0.000000,
						-0.000003,0.593267,-0.080938,1.000000;;
					}
						Frame frm-head {
							FrameTransformMatrix {
								1.000000,-0.000000,-0.000000,0.000000,
								0.000000,1.000000,-0.000000,0.000000,
								0.000000,0.000000,1.000000,0.000000,
								-0.000000,0.153063,-0.000000,1.000000;;
							}
								Frame frm-cockpit {
									FrameTransformMatrix {
										1.000000,0.000000,0.000000,0.000000,
										-0.000000,1.000000,-0.000000,0.000000,
										-0.000000,0.000000,1.000000,0.000000,
										-0.000001,0.748563,0.586779,1.000000;;
									}
										Frame frm-hp_eyepoint {
											FrameTransformMatrix {
												1.000000,0.000002,-0.000002,0.000000,
												-0.000002,1.000000,0.000001,0.000000,
												0.000002,-0.000000,1.000000,0.000000,
												-0.000000,0.074885,0.181517,1.000000;;
											}
										}
								}
								Frame frm-turret_x {
									FrameTransformMatrix {
										1.000000,-0.000001,0.000000,0.000000,
										0.000001,0.992903,-0.118923,0.000000,
										0.000000,0.118923,0.992903,0.000000,
										0.000004,0.567838,-0.187690,1.000000;;
									}
										Frame frm-hp_gun_1 {
											FrameTransformMatrix {
												1.000000,0.000002,-0.000002,0.000000,
												-0.000002,0.992903,0.118924,0.000000,
												0.000002,-0.118924,0.992904,0.000000,
												-1.862121,-0.535696,2.204198,1.000000;;
											}
										}
										Frame frm-hp_gun_2 {
											FrameTransformMatrix {
												1.000000,0.000002,-0.000002,0.000000,
												-0.000002,0.992903,0.118924,0.000000,
												0.000002,-0.118924,0.992904,0.000000,
												1.862111,-0.535690,2.204201,1.000000;;
											}
										}
								}
						}
				}
		}
		Frame frm-ra1 {
			FrameTransformMatrix {
				0.841977,0.363025,0.399109,0.000000,
				-0.363025,-0.166027,0.916869,0.000000,
				0.399109,-0.916869,-0.008004,0.000000,
				-1.129664,-0.050613,0.866825,1.000000;;
			}
			SI_FrameBasePoseMatrix {
				0.928728,0.297167,-0.221711,0.000000,
				0.144046,0.261812,0.954309,0.000000,
				0.341636,-0.918230,0.200346,0.000000,
				-1.229664,-0.156680,0.866825,1.000000;;
			}
				Frame frm-ra2 {
					FrameTransformMatrix {
						0.219436,0.884645,-0.411401,0.000000,
						-0.506471,0.463700,0.726960,0.000000,
						0.833868,0.048841,0.549799,0.000000,
						-0.000000,1.016374,0.000000,1.000000;;
					}
					SI_FrameBasePoseMatrix {
						0.650615,0.758009,-0.046068,0.000000,
						-0.040654,0.095342,0.994614,0.000000,
						0.758319,-0.645238,0.092847,0.000000,
						-0.000000,1.016374,0.000000,1.000000;;
					}
				}
		}
		Frame frm-rb1 {
			FrameTransformMatrix {
				0.835373,0.370490,-0.406064,0.000000,
				-0.370490,-0.166216,-0.913843,0.000000,
				-0.406064,0.913843,-0.001589,0.000000,
				-1.129663,-0.050614,-0.909488,1.000000;;
			}
			SI_FrameBasePoseMatrix {
				0.556061,0.818411,-0.144914,0.000000,
				-0.701440,0.368569,-0.610032,0.000000,
				-0.445846,0.440863,0.779013,0.000000,
				-1.129663,-0.129570,-0.909488,1.000000;;
			}
				Frame frm-rb2 {
					FrameTransformMatrix {
						-0.745521,0.177772,0.642336,0.000000,
						-0.512395,0.463434,-0.722966,0.000000,
						-0.426203,-0.868116,-0.254410,0.000000,
						0.000000,1.015224,0.000000,1.000000;;
					}
					SI_FrameBasePoseMatrix {
						-0.954846,0.182474,-0.234462,0.000000,
						0.163172,-0.337405,-0.927110,0.000000,
						-0.248282,-0.923505,0.292396,0.000000,
						0.000000,1.015225,0.000000,1.000000;;
					}
				}
		}
		Frame frm-la1 {
			FrameTransformMatrix {
				0.841978,0.479925,-0.246465,0.000000,
				0.363022,-0.166027,0.916870,0.000000,
				0.399109,-0.861456,-0.314014,0.000000,
				1.129661,-0.050613,0.866829,1.000000;;
			}
			SI_FrameBasePoseMatrix {
				0.852407,0.522672,-0.014726,0.000000,
				-0.144049,0.261812,0.954309,0.000000,
				0.502646,-0.811338,0.298460,0.000000,
				1.229661,-0.156680,0.866829,1.000000;;
			}
				Frame frm-la2 {
					FrameTransformMatrix {
						0.427266,-0.737693,0.522735,0.000000,
						-0.242107,0.463700,0.852272,0.000000,
						-0.871107,-0.490705,0.019522,0.000000,
						-0.000000,1.016374,0.000000,1.000000;;
					}
					SI_FrameBasePoseMatrix {
						0.631845,-0.220594,0.743041,0.000000,
						-0.744191,0.095342,0.661128,0.000000,
						-0.216684,-0.970695,-0.103923,0.000000,
						0.000000,1.016374,-0.000000,1.000000;;
					}
				}
		}
		Frame frm-lb1 {
			FrameTransformMatrix {
				0.835372,0.489748,0.249601,0.000000,
				0.370493,-0.166216,-0.913842,0.000000,
				-0.406064,0.855873,-0.320300,0.000000,
				1.129666,-0.050614,-0.909485,1.000000;;
			}
			SI_FrameBasePoseMatrix {
				0.694107,-0.158895,0.702116,0.000000,
				0.701442,0.368569,-0.610030,0.000000,
				-0.161848,0.915920,0.367282,0.000000,
				1.129666,-0.129570,-0.909485,1.000000;;
			}
				Frame frm-lb2 {
					FrameTransformMatrix {
						0.946418,0.301241,-0.116390,0.000000,
						-0.251986,0.463434,-0.849548,0.000000,
						-0.201980,0.833356,0.514511,0.000000,
						0.000000,1.015224,-0.000000,1.000000;;
					}
					SI_FrameBasePoseMatrix {
						0.345899,0.313889,-0.884210,0.000000,
						-0.829853,-0.337405,-0.444412,0.000000,
						-0.437833,0.887486,0.143773,0.000000,
						-0.000000,1.015225,-0.000000,1.000000;;
					}
				}
		}
}

AnimationSet {
	Animation anim-ra1 {
		{frm-ra1}
		SI_AnimationKey {
			2;
			3;
			0;3;-1.229664,-0.156680,0.866825;;,
			1;3;-1.229664,-0.156680,0.866825;;,
			2;3;-1.229664,-0.156680,0.866825;;;
		}
		SI_AnimationKey {
			0;
			3;
			0;4;0.790288,-0.593867,-0.079694,-0.128125;;,
			1;4;0.773125,-0.605510,-0.182166,-0.049514;;,
			2;4;0.742733,-0.606793,-0.281520,0.029945;;;
		}
	}
	Animation anim-ra2 {
		{frm-ra2}
		SI_AnimationKey {
			2;
			3;
			0;3;-0.000000,1.016374,0.000000;;,
			1;3;-0.000000,1.016374,0.000000;;,
			2;3;-0.000000,1.016374,-0.000000;;;
		}
		SI_AnimationKey {
			0;
			3;
			0;4;0.670506,-0.527571,-0.354782,-0.382388;;,
			1;4;0.678012,-0.604654,-0.296597,-0.294487;;,
			2;4;0.673918,-0.671392,-0.233337,-0.201547;;;
		}
	}
	Animation anim-rb1 {
		{frm-rb1}
		SI_AnimationKey {
			2;
			3;
			0;3;-1.129663,-0.129570,-0.909488;;,
			1;3;-1.129663,-0.129570,-0.909488;;,
			2;3;-1.129663,-0.129570,-0.909488;;;
		}
		SI_AnimationKey {
			0;
			3;
			0;4;0.827049,0.256503,-0.016584,-0.499921;;,
			1;4;0.822138,0.319562,0.091509,-0.462164;;,
			2;4;0.803160,0.377152,0.198037,-0.416499;;;
		}
	}
	Animation anim-rb2 {
		{frm-rb2}
		SI_AnimationKey {
			2;
			3;
			0;3;0.000000,1.015224,0.000000;;,
			1;3;0.000000,1.015225,0.000000;;,
			2;3;-0.000000,1.015224,-0.000000;;;
		}
		SI_AnimationKey {
			0;
			3;
			0;4;-0.003422,-0.076420,-0.664850,0.743050;;,
			1;4;-0.006003,-0.150136,-0.575553,0.803842;;,
			2;4;-0.008481,-0.221284,-0.476409,0.850880;;;
		}
	}
	Animation anim-la1 {
		{frm-la1}
		SI_AnimationKey {
			2;
			3;
			0;3;1.229661,-0.156680,0.866829;;,
			1;3;1.229661,-0.156680,0.866829;;,
			2;3;1.229661,-0.156680,0.866829;;;
		}
		SI_AnimationKey {
			0;
			3;
			0;4;0.791734,-0.535485,-0.063745,-0.286967;;,
			1;4;0.776640,-0.568361,-0.166542,-0.214617;;,
			2;4;0.748258,-0.591511,-0.266489,-0.138595;;;
		}
	}
	Animation anim-la2 {
		{frm-la2}
		SI_AnimationKey {
			2;
			3;
			0;3;0.000000,1.016374,-0.000000;;,
			1;3;0.000000,1.016374,-0.000000;;,
			2;3;-0.000000,1.016374,0.000000;;;
		}
		SI_AnimationKey {
			0;
			3;
			0;4;0.640645,-0.624321,0.313347,-0.318766;;,
			1;4;0.637037,-0.640396,0.376636,-0.205481;;,
			2;4;0.622529,-0.645513,0.433481,-0.088681;;;
		}
	}
	Animation anim-lb1 {
		{frm-lb1}
		SI_AnimationKey {
			2;
			3;
			0;3;1.129666,-0.129570,-0.909485;;,
			1;3;1.129666,-0.129570,-0.909485;;,
			2;3;1.129666,-0.129570,-0.909485;;;
		}
		SI_AnimationKey {
			0;
			3;
			0;4;0.808919,0.521285,0.173014,0.209708;;,
			1;4;0.779416,0.489453,0.277119,0.275955;;,
			2;4;0.736577,0.449246,0.376483,0.337481;;;
		}
	}
	Animation anim-lb2 {
		{frm-lb2}
		SI_AnimationKey {
			2;
			3;
			0;3;0.000000,1.015225,-0.000000;;,
			1;3;-0.000000,1.015225,-0.000000;;,
			2;3;-0.000000,1.015224,0.000000;;;
		}
		SI_AnimationKey {
			0;
			3;
			0;4;0.445566,0.625441,-0.168842,-0.617889;;,
			1;4;0.536719,0.620389,-0.207919,-0.532748;;,
			2;4;0.618687,0.604722,-0.243440,-0.438491;;;
		}
	}
}

SI_EnvelopeList {
	8;
	SI_Envelope {
		"frm-body";
		"frm-ra1";
		8;
		9;0.000000;,
		10;0.000000;,
		12;0.000000;,
		13;0.000000;,
		18;100.000000;,
		19;100.000000;,
		20;100.000000;,
		21;100.000000;;
	}
	SI_Envelope {
		"frm-body";
		"frm-rb2";
		5;
		24;100.000000;,
		25;100.000000;,
		30;100.000000;,
		31;100.000000;,
		32;100.000000;;
	}
	SI_Envelope {
		"frm-body";
		"frm-rb1";
		8;
		2;0.000001;,
		6;0.000005;,
		14;0.000000;,
		15;0.000000;,
		16;100.000000;,
		17;100.000000;,
		22;100.000000;,
		23;100.000000;;
	}
	SI_Envelope {
		"frm-body";
		"frm-la1";
		8;
		50;0.000000;,
		51;0.000000;,
		56;0.000005;,
		57;0.000003;,
		64;99.999446;,
		65;100.000000;,
		66;100.000000;,
		67;100.000000;;
	}
	SI_Envelope {
		"frm-body";
		"frm-lb2";
		5;
		70;100.000000;,
		71;100.000000;,
		76;100.000000;,
		77;100.000000;,
		78;100.000000;;
	}
	SI_Envelope {
		"frm-body";
		"frm-la2";
		5;
		72;100.000000;,
		73;100.000000;,
		74;100.000000;,
		75;100.000000;,
		79;100.000000;;
	}
	SI_Envelope {
		"frm-body";
		"frm-ra2";
		5;
		26;99.999964;,
		27;100.000000;,
		28;100.000000;,
		29;100.000000;,
		33;100.000000;;
	}
	SI_Envelope {
		"frm-body";
		"frm-lb1";
		8;
		40;0.000000;,
		46;0.000000;,
		58;0.000000;,
		59;0.000000;,
		62;100.000000;,
		63;100.000000;,
		68;100.000000;,
		69;100.000000;;
	}
}
