xsi 0101txt 0032

SI_CoordinateSystem coord {
	1;
	0;
	1;
	0;
	2;
	5;
}

Frame frm-hp_bones {
	FrameTransformMatrix {
		1.000000,0.000002,-0.000000,0.000000,
		-0.000002,1.000000,-0.000001,0.000000,
		-0.000000,0.000001,1.000000,0.000000,
		0.000001,1.314851,-0.031415,1.000000;;
	}
		Frame frm-body {
			FrameTransformMatrix {
				1.000000,-0.000000,-0.000000,0.000000,
				0.000000,1.000000,0.000000,0.000000,
				0.000000,-0.000000,1.000000,0.000000,
				0.000000,-0.306272,0.734022,1.000000;;
			}
				Frame frm-cockpit {
					FrameTransformMatrix {
						1.000000,0.000000,0.000000,0.000000,
						-0.000000,1.000000,0.000000,0.000000,
						-0.000000,-0.000000,1.000000,0.000000,
						-0.000003,1.339560,0.848821,1.000000;;
					}
						Frame frm-hp_eyepoint {
							FrameTransformMatrix {
								1.000000,0.000002,0.000002,0.000000,
								-0.000002,1.000000,-0.000000,0.000000,
								-0.000002,0.000000,1.000000,0.000000,
								-0.000002,-0.555770,0.950032,1.000000;;
							}
						}
				}
				Frame frm-flame_1__h {
					FrameTransformMatrix {
						1.000000,0.000000,-0.000000,0.000000,
						0.000000,1.000000,-0.000000,0.000000,
						-0.000000,-0.000000,1.000000,0.000000,
						0.543542,-0.095972,-4.034963,1.000000;;
					}
				}
				Frame frm-flame_2__h {
					FrameTransformMatrix {
						1.000000,0.000000,-0.000000,0.000000,
						0.000000,1.000000,-0.000000,0.000000,
						-0.000000,-0.000000,1.000000,0.000000,
						-0.543542,-0.095972,-4.034964,1.000000;;
					}
				}
				Frame frm-hp_com {
					FrameTransformMatrix {
						-1.000000,-0.000000,-0.000002,0.000000,
						-0.000002,0.000001,1.000000,0.000000,
						0.000000,1.000000,-0.000001,0.000000,
						-0.000000,0.429263,0.103984,1.000000;;
					}
				}
				Frame frm-hp_smoke {
					FrameTransformMatrix {
						-1.000000,-0.000000,-0.000002,0.000000,
						-0.000001,0.911144,0.412089,0.000000,
						0.000002,0.412089,-0.911144,0.000000,
						-0.000001,1.317823,0.820689,1.000000;;
					}
				}
				Frame frm-hp_special_1 {
					FrameTransformMatrix {
						-1.000000,-0.000000,-0.000002,0.000000,
						0.000001,0.883168,-0.469056,0.000000,
						0.000002,-0.469056,-0.883168,0.000000,
						0.000003,-0.184127,-1.455346,1.000000;;
					}
				}
		}
		Frame frm-bone {
			FrameTransformMatrix {
				1.000000,-0.000000,-0.000000,0.000000,
				0.000000,-0.100876,0.994899,0.000000,
				-0.000000,-0.994899,-0.100876,0.000000,
				-0.000001,0.313897,-0.307789,1.000000;;
			}
			SI_FrameBasePoseMatrix {
				1.000000,-0.000000,-0.000000,0.000000,
				0.000000,-0.100876,0.994899,0.000000,
				-0.000000,-0.994899,-0.100876,0.000000,
				-0.000001,0.313897,-0.307789,1.000000;;
			}
		}
		Frame frm-bone_001 {
			FrameTransformMatrix {
				1.000000,-0.000002,0.000002,0.000000,
				0.000001,-0.152132,-0.988360,0.000000,
				0.000002,0.988360,-0.152132,0.000000,
				0.000001,0.368701,-0.818182,1.000000;;
			}
			SI_FrameBasePoseMatrix {
				1.000000,-0.000002,0.000002,0.000000,
				0.000001,-0.152132,-0.988360,0.000000,
				0.000002,0.988360,-0.152132,0.000000,
				0.000001,0.368701,-0.818182,1.000000;;
			}
		}
		Frame frm-bone_002 {
			FrameTransformMatrix {
				0.020259,0.998564,-0.049603,0.000000,
				-0.377541,0.053581,0.924442,0.000000,
				0.925771,-0.000001,0.378084,0.000000,
				-0.605276,0.000000,-0.441948,1.000000;;
			}
			SI_FrameBasePoseMatrix {
				0.020259,0.998564,-0.049603,0.000000,
				-0.377541,0.053581,0.924442,0.000000,
				0.925771,-0.000001,0.378084,0.000000,
				-0.605276,0.000000,-0.441948,1.000000;;
			}
				Frame frm-bone_003 {
					FrameTransformMatrix {
						0.999207,0.035694,-0.017666,0.000000,
						0.013013,-0.711822,-0.702239,0.000000,
						-0.037641,0.701452,-0.711722,0.000000,
						0.000000,2.722913,-0.000000,1.000000;;
					}
					SI_FrameBasePoseMatrix {
						0.998341,0.057547,-0.001884,0.000000,
						0.049096,-0.867914,-0.494281,0.000000,
						-0.030079,0.493368,-0.869300,0.000000,
						0.000000,2.722913,-0.000000,1.000000;;
					}
						Frame frm-bone_004 {
							FrameTransformMatrix {
								-0.999834,0.015832,0.009037,0.000000,
								0.005076,0.717926,-0.696101,0.000000,
								-0.017509,-0.695940,-0.717887,0.000000,
								-0.000000,2.016757,-0.000000,1.000000;;
							}
							SI_FrameBasePoseMatrix {
								-0.962726,0.268781,-0.030262,0.000000,
								0.268036,0.933037,-0.239997,0.000000,
								-0.036271,-0.239163,-0.970302,0.000000,
								-0.000000,2.016756,0.000000,1.000000;;
							}
						}
				}
		}
		Frame frm-bone_005 {
			FrameTransformMatrix {
				0.020259,0.997608,-0.066095,0.000000,
				0.377538,0.053581,0.924443,0.000000,
				0.925772,-0.043682,-0.375549,0.000000,
				0.605277,0.000000,-0.441946,1.000000;;
			}
			SI_FrameBasePoseMatrix {
				0.020259,0.997608,-0.066095,0.000000,
				0.377538,0.053581,0.924443,0.000000,
				0.925772,-0.043682,-0.375549,0.000000,
				0.605277,0.000000,-0.441946,1.000000;;
			}
				Frame frm-bone_006 {
					FrameTransformMatrix {
						0.998942,0.021139,-0.040837,0.000000,
						0.043720,-0.711822,0.700998,0.000000,
						-0.014250,-0.702041,-0.711993,0.000000,
						-0.000000,2.722913,-0.000000,1.000000;;
					}
					SI_FrameBasePoseMatrix {
						0.997088,0.047303,-0.059821,0.000000,
						0.070672,-0.867914,0.491660,0.000000,
						-0.028663,-0.494456,-0.868730,0.000000,
						-0.000000,2.722913,-0.000000,1.000000;;
					}
						Frame frm-bone_007 {
							FrameTransformMatrix {
								-0.999780,0.008636,0.019124,0.000000,
								0.019512,0.717925,0.695846,0.000000,
								-0.007720,0.696066,-0.717936,0.000000,
								-0.000000,2.016757,0.000000,1.000000;;
							}
							SI_FrameBasePoseMatrix {
								-0.962007,0.266294,0.060257,0.000000,
								0.272956,0.933037,0.234387,0.000000,
								0.006194,0.241930,-0.970274,0.000000,
								0.000000,2.016757,0.000000,1.000000;;
							}
						}
				}
		}
		Frame frm-bone_008 {
			FrameTransformMatrix {
				0.955336,0.295140,-0.014990,0.000000,
				-0.288093,0.918825,-0.269745,0.000000,
				-0.065840,0.262016,0.962815,0.000000,
				-0.974943,0.551436,1.105494,1.000000;;
			}
			SI_FrameBasePoseMatrix {
				0.955336,0.295140,-0.014990,0.000000,
				-0.288093,0.918825,-0.269745,0.000000,
				-0.065840,0.262016,0.962815,0.000000,
				-0.974943,0.551436,1.105494,1.000000;;
			}
				Frame frm-bone_009 {
					FrameTransformMatrix {
						0.985340,-0.168238,0.028294,0.000000,
						0.148057,0.760900,-0.631752,0.000000,
						0.084755,0.626680,0.774654,0.000000,
						-0.000000,0.402853,0.000000,1.000000;;
					}
					SI_FrameBasePoseMatrix {
						0.988871,-0.136585,-0.058974,0.000000,
						-0.067088,-0.055581,-0.996198,0.000000,
						0.132788,0.989068,-0.064126,0.000000,
						-0.000000,0.402853,0.000000,1.000000;;
					}
				}
		}
		Frame frm-bone_010 {
			FrameTransformMatrix {
				0.955336,-0.256406,0.146931,0.000000,
				0.288094,0.918825,-0.269744,0.000000,
				-0.065840,0.300026,0.951656,0.000000,
				0.974942,0.551436,1.105497,1.000000;;
			}
			SI_FrameBasePoseMatrix {
				0.955336,-0.256406,0.146931,0.000000,
				0.288094,0.918825,-0.269744,0.000000,
				-0.065840,0.300026,0.951656,0.000000,
				0.974942,0.551436,1.105497,1.000000;;
			}
				Frame frm-bone_011 {
					FrameTransformMatrix {
						0.934651,0.347290,0.076269,0.000000,
						-0.233321,0.760900,-0.605469,0.000000,
						-0.268306,0.548107,0.792206,0.000000,
						-0.000000,0.402853,-0.000000,1.000000;;
					}
					SI_FrameBasePoseMatrix {
						0.910640,0.412925,0.015068,0.000000,
						0.028748,-0.026936,-0.999224,0.000000,
						-0.412199,0.910366,-0.036400,0.000000,
						-0.000000,0.402853,-0.000000,1.000000;;
					}
				}
		}
		Frame frm-hp_cannon_1 {
			FrameTransformMatrix {
				1.000000,-0.000000,-0.000000,0.000000,
				0.000000,1.000000,-0.000001,0.000000,
				0.000000,0.000001,1.000000,0.000000,
				0.000001,-0.928130,3.033811,1.000000;;
			}
			SI_FrameBasePoseMatrix {
				1.000000,-0.000000,-0.000000,0.000000,
				0.000000,1.000000,-0.000001,0.000000,
				0.000000,0.000001,1.000000,0.000000,
				0.000001,-0.928130,3.033811,1.000000;;
			}
		}
}

AnimationSet {
	Animation anim-bone_003 {
		{frm-bone_003}
		SI_AnimationKey {
			0;
			3;
			0;4;0.272331,0.961772,0.027489,-0.008690;;,
			1;4;0.255503,0.966379,0.027588,-0.008269;;,
			2;4;0.213103,0.976608,0.027799,-0.007204;;;
		}
	}
	Animation anim-bone_004 {
		{frm-bone_004}
		SI_AnimationKey {
			0;
			3;
			0;4;0.003961,0.136518,0.985084,-0.104677;;,
			1;4;0.001528,0.136509,0.983116,-0.121848;;,
			2;4;-0.004555,0.136305,0.976887,-0.164599;;;
		}
	}
	Animation anim-bone_006 {
		{frm-bone_006}
		SI_AnimationKey {
			0;
			3;
			0;4;0.212769,-0.976332,-0.030250,0.024290;;,
			1;4;0.255168,-0.966143,-0.030527,0.022896;;,
			2;4;0.271997,-0.961552,-0.030622,0.022326;;;
		}
	}
	Animation anim-bone_007 {
		{frm-bone_007}
		SI_AnimationKey {
			0;
			3;
			0;4;0.019737,0.137155,0.976698,0.163888;;,
			1;4;0.013750,0.137134,0.983022,0.121135;;,
			2;4;0.011348,0.137052,0.985028,0.103965;;;
		}
	}
	Animation anim-bone_009 {
		{frm-bone_009}
		SI_AnimationKey {
			0;
			3;
			0;4;0.875403,0.443819,-0.178088,-0.070567;;,
			1;4;0.683587,0.726047,-0.070131,0.025416;;,
			2;4;0.814994,0.519109,0.120581,0.227534;;;
		}
	}
	Animation anim-bone_011 {
		{frm-bone_011}
		SI_AnimationKey {
			0;
			3;
			0;4;0.834090,0.468397,-0.034488,-0.289324;;,
			1;4;0.679578,0.702491,0.157181,-0.141330;;,
			2;4;0.856776,0.442103,0.264591,0.021690;;;
		}
	}
}

SI_EnvelopeList {
	13;
	SI_Envelope {
		"frm-body";
		"frm-hp_cannon_1";
		9;
		160;99.997729;,
		161;99.983221;,
		164;100.000000;,
		165;100.000000;,
		168;100.000000;,
		169;100.000000;,
		170;100.000000;,
		171;99.962908;,
		175;100.000000;;
	}
	SI_Envelope {
		"frm-body";
		"frm-bone_003";
		21;
		5;0.001117;,
		21;0.432124;,
		29;0.060511;,
		30;8.189867;,
		31;52.325696;,
		32;53.665531;,
		33;90.004182;,
		34;84.166801;,
		35;89.852577;,
		36;88.942230;,
		37;98.349875;,
		38;96.765190;,
		39;98.606336;,
		40;98.324162;,
		41;99.927282;,
		42;99.502903;,
		43;98.819304;,
		44;98.661685;,
		45;98.624277;,
		46;98.800814;,
		53;50.905359;;
	}
	SI_Envelope {
		"frm-body";
		"frm-bone_010";
		23;
		7;0.000892;,
		77;0.000013;,
		82;0.701462;,
		83;0.000000;,
		84;0.000000;,
		117;11.673230;,
		118;14.430171;,
		141;0.002787;,
		143;24.987650;,
		144;9.472574;,
		145;2.194881;,
		146;82.460225;,
		147;71.081579;,
		148;84.810007;,
		149;76.568550;,
		150;90.606099;,
		151;83.797604;,
		152;92.668086;,
		153;87.993187;,
		154;4.361640;,
		155;10.274716;,
		156;3.690134;,
		157;5.830226;;
	}
	SI_Envelope {
		"frm-body";
		"frm-bone_002";
		49;
		1;88.052762;,
		3;9.366643;,
		5;24.869663;,
		6;3.957371;,
		8;7.407590;,
		9;0.263140;,
		20;75.638276;,
		21;27.852374;,
		22;16.011038;,
		23;18.674986;,
		24;22.281775;,
		25;82.225001;,
		26;17.061843;,
		27;94.798058;,
		28;80.950254;,
		29;66.969568;,
		30;84.735441;,
		31;45.786333;,
		32;43.728092;,
		33;8.287661;,
		34;14.620011;,
		35;9.654634;,
		36;10.433744;,
		38;0.912957;,
		52;11.816599;,
		53;47.039464;,
		54;12.817053;,
		55;3.919556;,
		56;1.481349;,
		57;20.654784;,
		58;9.578618;,
		59;5.846654;,
		61;6.501198;,
		69;12.401353;,
		78;6.215176;,
		80;1.578363;,
		103;42.076361;,
		104;12.679391;,
		105;21.509275;,
		106;13.520214;,
		107;13.441841;,
		108;11.610980;,
		109;17.121543;,
		110;15.195711;,
		111;8.389123;,
		112;7.135978;,
		113;28.672689;,
		114;13.573869;,
		115;15.329495;;
	}
	SI_Envelope {
		"frm-body";
		"frm-bone";
		63;
		0;0.000190;,
		1;2.780097;,
		2;0.000000;,
		3;10.838590;,
		4;0.000000;,
		5;65.608639;,
		6;59.241724;,
		7;0.000170;,
		20;8.694583;,
		21;53.538471;,
		22;67.480242;,
		23;61.126101;,
		24;63.613784;,
		25;5.881688;,
		26;64.444035;,
		28;4.046171;,
		30;6.183533;,
		52;4.398498;,
		54;59.354556;,
		55;82.697594;,
		56;12.037179;,
		57;3.098923;,
		59;14.314951;,
		63;1.918912;,
		69;65.472943;,
		70;0.001620;,
		71;0.000000;,
		72;2.778932;,
		73;5.546960;,
		74;0.000005;,
		75;0.000000;,
		76;10.838568;,
		77;0.000704;,
		78;84.836650;,
		79;0.000000;,
		80;65.439558;,
		81;76.176727;,
		82;59.241289;,
		83;0.000309;,
		84;0.000170;,
		103;13.390765;,
		104;8.691866;,
		105;52.085024;,
		106;53.477669;,
		107;68.366861;,
		108;67.446536;,
		109;60.782081;,
		110;61.106062;,
		111;63.494885;,
		112;5.883713;,
		113;36.611399;,
		114;64.418924;,
		115;64.423954;,
		117;4.045211;,
		119;6.167500;,
		141;4.398498;,
		143;59.351480;,
		144;82.696092;,
		145;87.726158;,
		146;12.031492;,
		147;3.098032;,
		149;14.313726;,
		153;1.918035;;
	}
	SI_Envelope {
		"frm-body";
		"frm-bone_005";
		50;
		5;1.552474;,
		20;12.681296;,
		21;13.535880;,
		22;11.649293;,
		23;15.232408;,
		24;8.392352;,
		25;7.136793;,
		26;13.612139;,
		69;12.401681;,
		71;0.000022;,
		72;88.053221;,
		76;9.366677;,
		78;6.286910;,
		80;24.971914;,
		82;3.957897;,
		86;7.407607;,
		88;0.263133;,
		103;42.079014;,
		104;75.641972;,
		105;21.544486;,
		106;27.909338;,
		107;13.492890;,
		108;16.072291;,
		109;17.164779;,
		110;18.725273;,
		111;22.365928;,
		112;82.224387;,
		113;28.673929;,
		114;17.117167;,
		115;15.376359;,
		116;94.799262;,
		117;80.950528;,
		118;66.969877;,
		119;84.745085;,
		120;45.790160;,
		121;43.732056;,
		122;8.287928;,
		123;14.621447;,
		124;9.655510;,
		125;10.434739;,
		127;0.913562;,
		141;11.945324;,
		142;47.043079;,
		143;12.818381;,
		144;3.921254;,
		146;1.485717;,
		147;20.655203;,
		148;9.579047;,
		149;5.847215;,
		151;6.501435;;
	}
	SI_Envelope {
		"frm-body";
		"frm-bone_009";
		11;
		57;1.346424;,
		59;0.101164;,
		60;7.180066;,
		61;7.885905;,
		62;5.739095;,
		63;6.676926;,
		64;95.196724;,
		65;88.795549;,
		66;95.659053;,
		67;93.860543;,
		68;99.964648;;
	}
	SI_Envelope {
		"frm-body";
		"frm-bone_001";
		44;
		1;6.315322;,
		3;79.182571;,
		6;32.087973;,
		8;90.566945;,
		9;94.886321;,
		10;97.727811;,
		11;97.840071;,
		12;96.470445;,
		13;98.247635;,
		14;97.437608;,
		15;97.857815;,
		16;96.938843;,
		17;96.887356;,
		18;97.253728;,
		19;94.998991;,
		20;0.316456;,
		25;4.565360;,
		69;9.690583;,
		72;6.315334;,
		73;93.062484;,
		76;79.182696;,
		81;19.640204;,
		82;32.088050;,
		85;97.741371;,
		86;90.567076;,
		87;99.554360;,
		88;94.886446;,
		89;99.442554;,
		90;97.728825;,
		91;99.870998;,
		92;97.840285;,
		93;98.700112;,
		94;96.470594;,
		95;98.792022;,
		96;98.248613;,
		97;97.438836;,
		98;97.858596;,
		99;96.939981;,
		100;96.888471;,
		101;97.254640;,
		102;95.000106;,
		104;0.316472;,
		112;4.565362;,
		113;5.901872;;
	}
	SI_Envelope {
		"frm-body";
		"frm-bone_006";
		23;
		80;0.000000;,
		106;0.476092;,
		111;0.000000;,
		118;0.000000;,
		119;8.193743;,
		120;52.327138;,
		121;53.667045;,
		122;90.004408;,
		123;84.167516;,
		124;89.852846;,
		125;88.942516;,
		126;98.349923;,
		127;96.765304;,
		128;98.606420;,
		129;98.324203;,
		130;99.927330;,
		131;99.502927;,
		132;98.819345;,
		133;98.661715;,
		134;98.624301;,
		135;98.800814;,
		141;0.000001;,
		142;50.906730;;
	}
	SI_Envelope {
		"frm-body";
		"frm-bone_008";
		23;
		6;0.701205;,
		7;0.000021;,
		28;11.672968;,
		29;14.429972;,
		52;2.595816;,
		54;24.987195;,
		55;9.472252;,
		56;82.459688;,
		57;71.081775;,
		58;84.809881;,
		59;76.568449;,
		60;90.605867;,
		61;83.797860;,
		62;92.668021;,
		63;87.993211;,
		64;4.361721;,
		65;10.274621;,
		66;3.690142;,
		67;5.830220;,
		77;0.000000;,
		83;0.000000;,
		84;0.000000;,
		145;2.194531;;
	}
	SI_Envelope {
		"frm-body";
		"frm-bone_004";
		6;
		19;0.006189;,
		47;99.763185;,
		48;100.252938;,
		49;98.649400;,
		50;98.990071;,
		51;99.989980;;
	}
	SI_Envelope {
		"frm-body";
		"frm-bone_011";
		11;
		147;1.346587;,
		149;0.101211;,
		150;7.179928;,
		151;7.886022;,
		152;5.739049;,
		153;6.676937;,
		154;95.196748;,
		155;88.795435;,
		156;95.659065;,
		157;93.860519;,
		158;99.964643;;
	}
	SI_Envelope {
		"frm-body";
		"frm-bone_007";
		6;
		102;0.000000;,
		136;99.763173;,
		137;100.252926;,
		138;98.649400;,
		139;98.990077;,
		140;99.989974;;
	}
}
