xsi 0101txt 0032

SI_CoordinateSystem coord {
	1;
	0;
	1;
	0;
	2;
	5;
}

Frame frm-hp_bones {
	FrameTransformMatrix {
		1.000000,0.000002,0.000000,0.000000,
		-0.000002,1.000000,-0.000001,0.000000,
		-0.000000,0.000001,1.000000,0.000000,
		0.000000,0.000000,0.000000,1.000000;;
	}
		Frame frm-body {
			FrameTransformMatrix {
				1.000000,0.000000,0.000000,0.000000,
				0.000000,1.000000,0.000000,0.000000,
				0.000000,0.000000,1.000000,0.000000,
				0.000000,0.000000,0.000000,1.000000;;
			}
				Frame frm-cockpit {
					FrameTransformMatrix {
						1.000000,-0.000000,-0.000000,0.000000,
						0.000000,1.000000,0.000000,0.000000,
						0.000000,-0.000000,1.000000,0.000000,
						0.000000,0.842251,3.309408,1.000000;;
					}
						Frame frm-hp_eyepoint {
							FrameTransformMatrix {
								1.000000,0.000000,0.000000,0.000000,
								-0.000000,1.000000,-0.000000,0.000000,
								-0.000000,0.000000,1.000000,0.000000,
								-0.000000,0.000000,0.000000,1.000000;;
							}
						}
				}
				Frame frm-flame_1__h {
					FrameTransformMatrix {
						1.000000,0.000000,0.000000,0.000000,
						0.000000,1.000000,0.000000,0.000000,
						0.000000,0.000000,1.000000,0.000000,
						-0.940210,-0.301315,-2.383533,1.000000;;
					}
				}
				Frame frm-flame_2__h {
					FrameTransformMatrix {
						1.000000,0.000000,0.000000,0.000000,
						0.000000,1.000000,0.000000,0.000000,
						0.000000,0.000000,1.000000,0.000000,
						0.940217,-0.301315,-2.383530,1.000000;;
					}
				}
				Frame frm-hp_com {
					FrameTransformMatrix {
						-0.436162,-0.000000,-0.000001,0.000000,
						-0.000001,0.000000,0.436162,0.000000,
						0.000000,0.436162,-0.000000,0.000000,
						-0.000002,0.234333,1.578135,1.000000;;
					}
				}
				Frame frm-hp_mortar_1 {
					FrameTransformMatrix {
						1.000000,0.000000,0.000000,0.000000,
						0.000000,1.000000,0.000000,0.000000,
						0.000000,0.000000,1.000000,0.000000,
						0.000001,1.939062,-0.601116,1.000000;;
					}
				}
				Frame frm-hp_special_1 {
					FrameTransformMatrix {
						-1.000000,0.000000,0.000002,0.000000,
						-0.000000,1.000000,-0.000002,0.000000,
						-0.000002,-0.000002,-1.000000,0.000000,
						-0.000000,-0.616703,-0.914556,1.000000;;
					}
				}
		}
		Frame frm-rb1 {
			FrameTransformMatrix {
				0.979747,0.114018,-0.164605,0.000000,
				-0.157938,-0.065296,-0.985288,0.000000,
				-0.123088,0.991331,-0.045966,0.000000,
				-1.572701,0.111871,0.848868,1.000000;;
			}
			SI_FrameBasePoseMatrix {
				0.979747,0.114018,-0.164605,0.000000,
				-0.157938,-0.065296,-0.985288,0.000000,
				-0.123088,0.991331,-0.045966,0.000000,
				-1.572701,0.111871,0.848868,1.000000;;
			}
				Frame frm-rb2 {
					FrameTransformMatrix {
						-0.017684,0.101265,-0.994702,0.000000,
						0.523283,0.848664,0.077095,0.000000,
						0.851975,-0.519148,-0.067998,0.000000,
						-0.000000,1.062276,-0.000000,1.000000;;
					}
					SI_FrameBasePoseMatrix {
						-0.017684,0.101265,-0.994702,0.000000,
						0.523283,0.848664,0.077095,0.000000,
						0.851975,-0.519148,-0.067998,0.000000,
						-0.000000,1.062276,-0.000000,1.000000;;
					}
				}
		}
		Frame frm-ra1 {
			FrameTransformMatrix {
				0.976120,0.129655,-0.174298,0.000000,
				-0.173563,-0.017036,-0.984675,0.000000,
				-0.130637,0.991413,0.005874,0.000000,
				-1.666431,0.716036,0.844354,1.000000;;
			}
			SI_FrameBasePoseMatrix {
				0.976120,0.129655,-0.174298,0.000000,
				-0.173563,-0.017036,-0.984675,0.000000,
				-0.130637,0.991413,0.005874,0.000000,
				-1.666431,0.716036,0.844354,1.000000;;
			}
				Frame frm-ra2 {
					FrameTransformMatrix {
						-0.078643,0.049881,-0.995654,0.000000,
						0.861947,0.505190,-0.042773,0.000000,
						0.500862,-0.861565,-0.082725,0.000000,
						-0.000000,1.162417,0.000000,1.000000;;
					}
					SI_FrameBasePoseMatrix {
						-0.078643,0.049881,-0.995654,0.000000,
						0.861947,0.505190,-0.042773,0.000000,
						0.500862,-0.861565,-0.082725,0.000000,
						-0.000000,1.162417,0.000000,1.000000;;
					}
				}
		}
		Frame frm-lb1 {
			FrameTransformMatrix {
				0.979747,0.134742,0.148123,0.000000,
				0.157941,-0.065296,-0.985287,0.000000,
				-0.123088,0.988727,-0.085255,0.000000,
				1.572698,0.111871,0.848873,1.000000;;
			}
			SI_FrameBasePoseMatrix {
				0.979747,0.134742,0.148123,0.000000,
				0.157941,-0.065296,-0.985287,0.000000,
				-0.123088,0.988727,-0.085255,0.000000,
				1.572698,0.111871,0.848873,1.000000;;
			}
				Frame frm-lb2 {
					FrameTransformMatrix {
						-0.063911,0.198506,-0.978014,0.000000,
						-0.487951,0.848664,0.204139,0.000000,
						0.870528,0.490270,0.042622,0.000000,
						-0.000000,1.062276,0.000000,1.000000;;
					}
					SI_FrameBasePoseMatrix {
						-0.063911,0.198506,-0.978014,0.000000,
						-0.487951,0.848664,0.204139,0.000000,
						0.870528,0.490270,0.042622,0.000000,
						-0.000000,1.062276,0.000000,1.000000;;
					}
				}
		}
		Frame frm-la1 {
			FrameTransformMatrix {
				0.976119,0.135607,0.169712,0.000000,
				0.173566,-0.017036,-0.984675,0.000000,
				-0.130637,0.990616,-0.040166,0.000000,
				1.666428,0.716036,0.844359,1.000000;;
			}
			SI_FrameBasePoseMatrix {
				0.976119,0.135607,0.169712,0.000000,
				0.173566,-0.017036,-0.984675,0.000000,
				-0.130637,0.990616,-0.040166,0.000000,
				1.666428,0.716036,0.844359,1.000000;;
			}
				Frame frm-la2 {
					FrameTransformMatrix {
						0.115062,-0.167349,0.979160,0.000000,
						-0.842861,0.505191,0.185388,0.000000,
						-0.525687,-0.846627,-0.082924,0.000000,
						0.000000,1.162416,-0.000000,1.000000;;
					}
					SI_FrameBasePoseMatrix {
						0.115062,-0.167349,0.979160,0.000000,
						-0.842861,0.505191,0.185388,0.000000,
						-0.525687,-0.846627,-0.082924,0.000000,
						0.000000,1.162416,-0.000000,1.000000;;
					}
				}
		}
		Frame frm-mort1 {
			FrameTransformMatrix {
				1.000000,0.000000,0.000000,0.000000,
				0.000000,1.000000,-0.000001,0.000000,
				0.000000,0.000001,1.000000,0.000000,
				0.000001,1.939062,-0.601116,1.000000;;
			}
			SI_FrameBasePoseMatrix {
				1.000000,0.000000,0.000000,0.000000,
				0.000000,1.000000,-0.000001,0.000000,
				0.000000,0.000001,1.000000,0.000000,
				0.000001,1.939062,-0.601116,1.000000;;
			}
		}
}

AnimationSet {
	Animation anim-rb1 {
		{frm-rb1}
		SI_AnimationKey {
			0;
			3;
			0;4;0.679538,0.711595,-0.074696,-0.162113;;,
			1;4;0.683463,0.723016,-0.015186,-0.099477;;,
			2;4;0.682186,0.728935,0.044439,-0.036083;;;
		}
	}
	Animation anim-rb2 {
		{frm-rb2}
		SI_AnimationKey {
			0;
			3;
			0;4;0.676817,-0.171091,-0.709958,0.092767;;,
			1;4;0.663887,-0.224527,-0.695404,0.158919;;,
			2;4;0.645904,-0.276254,-0.675557,0.223863;;;
		}
	}
	Animation anim-ra1 {
		{frm-ra1}
		SI_AnimationKey {
			0;
			3;
			0;4;0.726414,0.661691,-0.069148,-0.172356;;,
			1;4;0.700885,0.704855,-0.015574,-0.108156;;,
			2;4;0.699575,0.711599,0.045572,-0.046312;;;
		}
	}
	Animation anim-ra2 {
		{frm-ra2}
		SI_AnimationKey {
			0;
			3;
			0;4;0.604644,-0.303113,-0.676633,0.291026;;,
			1;4;0.579617,-0.353161,-0.645476,0.350260;;,
			2;4;0.406558,-0.301013,-0.715679,0.481565;;;
		}
	}
	Animation anim-lb1 {
		{frm-lb1}
		SI_AnimationKey {
			0;
			3;
			0;4;0.682404,0.727747,0.040945,-0.055061;;,
			1;4;0.676239,0.729777,0.100265,0.008576;;,
			2;4;0.664927,0.726252,0.158821,0.072148;;;
		}
	}
	Animation anim-lb2 {
		{frm-lb2}
		SI_AnimationKey {
			0;
			3;
			0;4;0.656584,0.157857,-0.665181,-0.318610;;,
			1;4;0.675902,0.105833,-0.683731,-0.253904;;,
			2;4;0.690076,0.053003,-0.697078,-0.187266;;;
		}
	}
	Animation anim-la1 {
		{frm-la1}
		SI_AnimationKey {
			0;
			3;
			0;4;0.699438,0.711454,0.047631,-0.048491;;,
			1;4;0.692625,0.712973,0.108410,0.013701;;,
			2;4;0.710822,0.678706,0.164898,0.083061;;;
		}
	}
	Animation anim-la2 {
		{frm-la2}
		SI_AnimationKey {
			0;
			3;
			0;4;0.451762,-0.391386,0.688039,-0.411498;;,
			1;4;0.619945,-0.416172,0.606847,-0.272408;;,
			2;4;0.646925,-0.355271,0.636329,-0.224401;;;
		}
	}
}

SI_EnvelopeList {
	9;
	SI_Envelope {
		"frm-body";
		"frm-la1";
		9;
		76;0.000000;,
		97;0.000000;,
		99;0.000000;,
		101;0.000000;,
		103;100.000000;,
		105;99.910265;,
		107;100.000000;,
		108;0.000052;,
		109;99.966884;;
	}
	SI_Envelope {
		"frm-body";
		"frm-la2";
		10;
		84;0.000000;,
		103;0.000000;,
		105;0.000000;,
		107;0.000000;,
		109;0.000000;,
		111;100.000000;,
		113;100.000000;,
		115;99.999940;,
		117;100.000000;,
		119;100.000000;;
	}
	SI_Envelope {
		"frm-body";
		"frm-rb1";
		8;
		4;0.000002;,
		26;0.000000;,
		28;0.000000;,
		30;0.000000;,
		32;99.999988;,
		34;100.000000;,
		36;99.997419;,
		38;99.942195;;
	}
	SI_Envelope {
		"frm-body";
		"frm-ra1";
		7;
		27;0.000000;,
		29;0.000000;,
		31;0.000000;,
		33;99.999839;,
		35;100.000000;,
		37;100.000000;,
		39;100.000000;;
	}
	SI_Envelope {
		"frm-body";
		"frm-ra2";
		10;
		17;0.000000;,
		33;0.000000;,
		35;0.000000;,
		37;0.000000;,
		39;0.000000;,
		41;100.000000;,
		43;99.999946;,
		45;100.000000;,
		47;100.000000;,
		49;100.000000;;
	}
	SI_Envelope {
		"frm-body";
		"frm-lb1";
		7;
		61;0.000281;,
		96;0.000000;,
		98;0.000064;,
		102;99.995464;,
		104;100.000000;,
		106;99.994946;,
		108;99.999988;;
	}
	SI_Envelope {
		"frm-body";
		"frm-rb2";
		5;
		40;99.999177;,
		42;100.000000;,
		44;99.999034;,
		46;99.943739;,
		48;100.000000;;
	}
	SI_Envelope {
		"frm-body";
		"frm-mort1";
		7;
		50;100.000000;,
		51;99.973112;,
		86;0.000000;,
		120;99.999976;,
		121;97.088182;,
		122;100.000000;,
		123;99.998629;;
	}
	SI_Envelope {
		"frm-body";
		"frm-lb2";
		5;
		110;100.000000;,
		112;99.998015;,
		114;99.999988;,
		116;99.995506;,
		118;100.000000;;
	}
}
