xsi 0101txt 0032

SI_CoordinateSystem coord {
	1;
	0;
	1;
	0;
	2;
	5;
}

Frame frm-hp_bones {
	FrameTransformMatrix {
		1.000000,0.000002,0.000000,0.000000,
		-0.000002,1.000000,-0.000001,0.000000,
		-0.000000,0.000001,1.000000,0.000000,
		0.000000,0.000000,0.000000,1.000000;;
	}
		Frame frm-body {
			FrameTransformMatrix {
				1.000000,0.000000,0.000000,0.000000,
				0.000000,1.000000,0.000000,0.000000,
				0.000000,0.000000,1.000000,0.000000,
				0.000000,0.000000,0.000000,1.000000;;
			}
				Frame frm-cockpit {
					FrameTransformMatrix {
						1.000000,-0.000000,-0.000000,0.000000,
						0.000000,1.000000,0.000000,0.000000,
						0.000000,-0.000000,1.000000,0.000000,
						0.000000,0.842251,3.309408,1.000000;;
					}
						Frame frm-hp_eyepoint {
							FrameTransformMatrix {
								1.000000,0.000000,0.000000,0.000000,
								-0.000000,1.000000,-0.000000,0.000000,
								-0.000000,0.000000,1.000000,0.000000,
								-0.000000,0.000000,0.000000,1.000000;;
							}
						}
				}
				Frame frm-flame_1__h {
					FrameTransformMatrix {
						1.000000,0.000000,0.000000,0.000000,
						0.000000,1.000000,0.000000,0.000000,
						0.000000,0.000000,1.000000,0.000000,
						-0.940210,-0.301315,-2.383533,1.000000;;
					}
				}
				Frame frm-flame_2__h {
					FrameTransformMatrix {
						1.000000,0.000000,0.000000,0.000000,
						0.000000,1.000000,0.000000,0.000000,
						0.000000,0.000000,1.000000,0.000000,
						0.940217,-0.301315,-2.383530,1.000000;;
					}
				}
				Frame frm-hp_com {
					FrameTransformMatrix {
						-0.436162,-0.000000,-0.000001,0.000000,
						-0.000001,0.000000,0.436162,0.000000,
						0.000000,0.436162,-0.000000,0.000000,
						-0.000002,0.234333,1.578135,1.000000;;
					}
				}
				Frame frm-hp_mortar_1 {
					FrameTransformMatrix {
						1.000000,0.000000,0.000000,0.000000,
						0.000000,1.000000,0.000000,0.000000,
						0.000000,0.000000,1.000000,0.000000,
						0.000001,1.939062,-0.601116,1.000000;;
					}
				}
				Frame frm-hp_special_1 {
					FrameTransformMatrix {
						-1.000000,0.000000,0.000002,0.000000,
						-0.000000,1.000000,-0.000002,0.000000,
						-0.000002,-0.000002,-1.000000,0.000000,
						-0.000000,-0.616703,-0.914556,1.000000;;
					}
				}
		}
		Frame frm-rb1 {
			FrameTransformMatrix {
				0.979747,0.114018,-0.164605,0.000000,
				-0.157938,-0.065296,-0.985288,0.000000,
				-0.123088,0.991331,-0.045966,0.000000,
				-1.572701,0.111871,0.848868,1.000000;;
			}
			SI_FrameBasePoseMatrix {
				0.979747,0.072403,-0.186689,0.000000,
				-0.157938,-0.293689,-0.942763,0.000000,
				-0.123088,0.953155,-0.276306,0.000000,
				-1.572701,0.111871,0.848868,1.000000;;
			}
				Frame frm-rb2 {
					FrameTransformMatrix {
						-0.017684,0.101265,-0.994702,0.000000,
						0.523283,0.848664,0.077095,0.000000,
						0.851975,-0.519148,-0.067998,0.000000,
						-0.000000,1.062276,-0.000000,1.000000;;
					}
					SI_FrameBasePoseMatrix {
						0.068998,0.524919,-0.848351,0.000000,
						0.547481,0.690959,0.472060,0.000000,
						0.833969,-0.497027,-0.239709,0.000000,
						0.000000,1.062276,0.000000,1.000000;;
					}
				}
		}
		Frame frm-ra1 {
			FrameTransformMatrix {
				0.976120,0.129655,-0.174298,0.000000,
				-0.173563,-0.017036,-0.984675,0.000000,
				-0.130637,0.991413,0.005874,0.000000,
				-1.666431,0.716036,0.844354,1.000000;;
			}
			SI_FrameBasePoseMatrix {
				0.976120,0.207084,-0.065625,0.000000,
				-0.173563,0.561780,-0.808875,0.000000,
				-0.130638,0.800949,0.584307,0.000000,
				-1.666431,0.716036,0.844354,1.000000;;
			}
				Frame frm-ra2 {
					FrameTransformMatrix {
						-0.078643,0.049881,-0.995654,0.000000,
						0.861947,0.505190,-0.042773,0.000000,
						0.500862,-0.861565,-0.082725,0.000000,
						-0.000000,1.162417,0.000000,1.000000;;
					}
					SI_FrameBasePoseMatrix {
						-0.157863,-0.507476,-0.847082,0.000000,
						0.800495,0.436510,-0.410689,0.000000,
						0.578175,-0.742918,0.337323,0.000000,
						0.000000,1.162416,-0.000000,1.000000;;
					}
				}
		}
		Frame frm-lb1 {
			FrameTransformMatrix {
				0.979747,0.134742,0.148123,0.000000,
				0.157941,-0.065296,-0.985287,0.000000,
				-0.123088,0.988727,-0.085255,0.000000,
				1.572698,0.111871,0.848873,1.000000;;
			}
			SI_FrameBasePoseMatrix {
				0.979747,0.165620,0.112543,0.000000,
				0.157941,-0.293689,-0.942763,0.000000,
				-0.123088,0.941444,-0.313900,0.000000,
				1.572698,0.111871,0.848873,1.000000;;
			}
				Frame frm-lb2 {
					FrameTransformMatrix {
						-0.063911,0.198506,-0.978014,0.000000,
						-0.487951,0.848664,0.204139,0.000000,
						0.870528,0.490270,0.042622,0.000000,
						-0.000000,1.062276,0.000000,1.000000;;
					}
					SI_FrameBasePoseMatrix {
						-0.106041,0.610147,-0.785160,0.000000,
						-0.413698,0.690959,0.592816,0.000000,
						0.904218,0.387682,0.179147,0.000000,
						0.000000,1.062276,-0.000000,1.000000;;
					}
				}
		}
		Frame frm-la1 {
			FrameTransformMatrix {
				0.976119,0.135607,0.169712,0.000000,
				0.173566,-0.017036,-0.984675,0.000000,
				-0.130637,0.990616,-0.040166,0.000000,
				1.666428,0.716036,0.844359,1.000000;;
			}
			SI_FrameBasePoseMatrix {
				0.976119,0.010818,0.216967,0.000000,
				0.173566,0.561780,-0.808874,0.000000,
				-0.130638,0.827216,0.546487,0.000000,
				1.666428,0.716036,0.844359,1.000000;;
			}
				Frame frm-la2 {
					FrameTransformMatrix {
						0.115062,-0.167349,0.979160,0.000000,
						-0.842861,0.505191,0.185388,0.000000,
						-0.525687,-0.846627,-0.082924,0.000000,
						0.000000,1.162416,-0.000000,1.000000;;
					}
					SI_FrameBasePoseMatrix {
						0.005558,0.401003,0.916060,0.000000,
						-0.880318,0.436510,-0.185740,0.000000,
						-0.474352,-0.805392,0.355436,0.000000,
						0.000000,1.162417,-0.000000,1.000000;;
					}
				}
		}
		Frame frm-mort1 {
			FrameTransformMatrix {
				1.000000,0.000000,0.000000,0.000000,
				0.000000,1.000000,-0.000001,0.000000,
				0.000000,0.000001,1.000000,0.000000,
				0.000001,1.939062,-0.601116,1.000000;;
			}
			SI_FrameBasePoseMatrix {
				1.000000,0.000000,0.000000,0.000000,
				0.000000,1.000000,-0.000001,0.000000,
				0.000000,0.000001,1.000000,0.000000,
				0.000001,1.939062,-0.601116,1.000000;;
			}
		}
}

AnimationSet {
	Animation anim-rb1 {
		{frm-rb1}
		SI_AnimationKey {
			0;
			3;
			0;4;0.590922,0.790985,-0.062976,-0.145560;;,
			1;4;0.593665,0.798396,-0.026783,-0.097000;;,
			2;4;0.594193,0.802828,0.009509,-0.048078;;;
		}
	}
	Animation anim-rb2 {
		{frm-rb2}
		SI_AnimationKey {
			0;
			3;
			0;4;0.626369,-0.355443,-0.692797,-0.036802;;,
			1;4;0.616492,-0.392985,-0.682215,0.009149;;,
			2;4;0.604315,-0.429060,-0.669088,0.055066;;;
		}
	}
	Animation anim-ra1 {
		{frm-ra1}
		SI_AnimationKey {
			0;
			3;
			0;4;0.882964,0.448105,-0.035573,-0.135320;;,
			1;4;0.883488,0.455530,0.018397,-0.107712;;,
			2;4;0.880717,0.461257,0.072298,-0.079701;;;
		}
	}
	Animation anim-ra2 {
		{frm-ra2}
		SI_AnimationKey {
			0;
			3;
			0;4;0.638696,-0.093411,-0.594238,0.479816;;,
			1;4;0.635604,-0.130674,-0.560591,0.514460;;,
			2;4;0.529192,-0.141379,-0.571965,0.610592;;;
		}
	}
	Animation anim-lb1 {
		{frm-lb1}
		SI_AnimationKey {
			0;
			3;
			0;4;0.590743,0.802560,0.064634,-0.052371;;,
			1;4;0.585696,0.804260,0.100577,-0.003278;;,
			2;4;0.578463,0.802960,0.136146,0.045827;;;
		}
	}
	Animation anim-lb2 {
		{frm-lb2}
		SI_AnimationKey {
			0;
			3;
			0;4;0.651321,-0.040332,-0.623423,-0.430695;;,
			1;4;0.664091,-0.077224,-0.635974,-0.385431;;,
			2;4;0.674382,-0.113827,-0.646153,-0.338730;;;
		}
	}
	Animation anim-la1 {
		{frm-la1}
		SI_AnimationKey {
			0;
			3;
			0;4;0.882525,0.467753,0.045170,0.017812;;,
			1;4;0.878121,0.465793,0.098963,0.046334;;,
			2;4;0.870442,0.462095,0.152386,0.074684;;;
		}
	}
	Animation anim-la2 {
		{frm-la2}
		SI_AnimationKey {
			0;
			3;
			0;4;0.564896,-0.260838,0.536732,-0.569890;;,
			1;4;0.670355,-0.231091,0.518536,-0.477851;;,
			2;4;0.675605,-0.187642,0.551913,-0.451375;;;
		}
	}
}

SI_EnvelopeList {
	9;
	SI_Envelope {
		"frm-body";
		"frm-la1";
		9;
		76;0.000000;,
		97;0.000000;,
		99;0.000000;,
		101;0.000000;,
		103;100.000000;,
		105;99.910265;,
		107;100.000000;,
		108;0.000052;,
		109;99.966884;;
	}
	SI_Envelope {
		"frm-body";
		"frm-la2";
		10;
		84;0.000000;,
		103;0.000000;,
		105;0.000000;,
		107;0.000000;,
		109;0.000000;,
		111;100.000000;,
		113;100.000000;,
		115;99.999940;,
		117;100.000000;,
		119;100.000000;;
	}
	SI_Envelope {
		"frm-body";
		"frm-rb1";
		8;
		4;0.000002;,
		26;0.000000;,
		28;0.000000;,
		30;0.000000;,
		32;99.999988;,
		34;100.000000;,
		36;99.997419;,
		38;99.942195;;
	}
	SI_Envelope {
		"frm-body";
		"frm-ra1";
		7;
		27;0.000000;,
		29;0.000000;,
		31;0.000000;,
		33;99.999839;,
		35;100.000000;,
		37;100.000000;,
		39;100.000000;;
	}
	SI_Envelope {
		"frm-body";
		"frm-ra2";
		10;
		17;0.000000;,
		33;0.000000;,
		35;0.000000;,
		37;0.000000;,
		39;0.000000;,
		41;100.000000;,
		43;99.999946;,
		45;100.000000;,
		47;100.000000;,
		49;100.000000;;
	}
	SI_Envelope {
		"frm-body";
		"frm-lb1";
		7;
		61;0.000281;,
		96;0.000000;,
		98;0.000064;,
		102;99.995464;,
		104;100.000000;,
		106;99.994946;,
		108;99.999988;;
	}
	SI_Envelope {
		"frm-body";
		"frm-rb2";
		5;
		40;99.999177;,
		42;100.000000;,
		44;99.999034;,
		46;99.943739;,
		48;100.000000;;
	}
	SI_Envelope {
		"frm-body";
		"frm-mort1";
		7;
		50;100.000000;,
		51;99.973112;,
		86;0.000000;,
		120;99.999976;,
		121;97.088182;,
		122;100.000000;,
		123;99.998629;;
	}
	SI_Envelope {
		"frm-body";
		"frm-lb2";
		5;
		110;100.000000;,
		112;99.998015;,
		114;99.999988;,
		116;99.995506;,
		118;100.000000;;
	}
}
