xsi 0101txt 0032

SI_CoordinateSystem coord {
	1;
	0;
	1;
	0;
	2;
	5;
}

Frame frm-hp_bones {
	FrameTransformMatrix {
		1.000000,0.000002,0.000000,0.000000,
		-0.000002,1.000000,-0.000001,0.000000,
		-0.000000,0.000001,1.000000,0.000000,
		0.000000,0.000000,0.000000,1.000000;;
	}
		Frame frm-body {
			FrameTransformMatrix {
				1.000000,0.000000,0.000000,0.000000,
				0.000000,1.000000,0.000000,0.000000,
				0.000000,0.000000,1.000000,0.000000,
				0.000000,0.000000,0.000000,1.000000;;
			}
				Frame frm-cockpit {
					FrameTransformMatrix {
						1.000000,-0.000000,-0.000000,0.000000,
						0.000000,1.000000,0.000000,0.000000,
						0.000000,-0.000000,1.000000,0.000000,
						0.000000,0.842251,3.309408,1.000000;;
					}
						Frame frm-hp_eyepoint {
							FrameTransformMatrix {
								1.000000,0.000000,0.000000,0.000000,
								-0.000000,1.000000,-0.000000,0.000000,
								-0.000000,0.000000,1.000000,0.000000,
								-0.000000,0.000000,0.000000,1.000000;;
							}
						}
				}
				Frame frm-flame_1__h {
					FrameTransformMatrix {
						1.000000,0.000000,0.000000,0.000000,
						0.000000,1.000000,0.000000,0.000000,
						0.000000,0.000000,1.000000,0.000000,
						-0.940210,-0.301315,-2.383533,1.000000;;
					}
				}
				Frame frm-flame_2__h {
					FrameTransformMatrix {
						1.000000,0.000000,0.000000,0.000000,
						0.000000,1.000000,0.000000,0.000000,
						0.000000,0.000000,1.000000,0.000000,
						0.940217,-0.301315,-2.383530,1.000000;;
					}
				}
				Frame frm-hp_com {
					FrameTransformMatrix {
						-0.436162,-0.000000,-0.000001,0.000000,
						-0.000001,0.000000,0.436162,0.000000,
						0.000000,0.436162,-0.000000,0.000000,
						-0.000002,0.234333,1.578135,1.000000;;
					}
				}
				Frame frm-hp_mortar_1 {
					FrameTransformMatrix {
						1.000000,0.000000,0.000000,0.000000,
						0.000000,1.000000,0.000000,0.000000,
						0.000000,0.000000,1.000000,0.000000,
						0.000001,1.939062,-0.601116,1.000000;;
					}
				}
				Frame frm-hp_special_1 {
					FrameTransformMatrix {
						-1.000000,0.000000,0.000002,0.000000,
						-0.000000,1.000000,-0.000002,0.000000,
						-0.000002,-0.000002,-1.000000,0.000000,
						-0.000000,-0.616703,-0.914556,1.000000;;
					}
				}
		}
		Frame frm-rb1 {
			FrameTransformMatrix {
				0.979747,0.114018,-0.164605,0.000000,
				-0.157938,-0.065296,-0.985288,0.000000,
				-0.123088,0.991331,-0.045966,0.000000,
				-1.572701,0.111871,0.848868,1.000000;;
			}
			SI_FrameBasePoseMatrix {
				0.975340,-0.159631,0.152412,0.000000,
				0.060039,-0.472620,-0.879219,0.000000,
				0.212383,0.866688,-0.451381,0.000000,
				-1.572701,0.111871,0.848868,1.000000;;
			}
				Frame frm-rb2 {
					FrameTransformMatrix {
						-0.017684,0.101265,-0.994702,0.000000,
						0.523283,0.848664,0.077095,0.000000,
						0.851975,-0.519148,-0.067998,0.000000,
						-0.000000,1.062276,-0.000000,1.000000;;
					}
					SI_FrameBasePoseMatrix {
						0.149505,0.155820,-0.976406,0.000000,
						0.052990,0.984823,0.165277,0.000000,
						0.987340,-0.076449,0.138979,0.000000,
						0.000000,1.062276,0.000000,1.000000;;
					}
				}
		}
		Frame frm-ra1 {
			FrameTransformMatrix {
				0.976120,0.129655,-0.174298,0.000000,
				-0.173563,-0.017036,-0.984675,0.000000,
				-0.130637,0.991413,0.005874,0.000000,
				-1.666431,0.716036,0.844354,1.000000;;
			}
			SI_FrameBasePoseMatrix {
				0.976445,-0.007612,0.215631,0.000000,
				0.178288,-0.534408,-0.826209,0.000000,
				0.121525,0.845192,-0.520463,0.000000,
				-1.666431,0.716036,0.844354,1.000000;;
			}
				Frame frm-ra2 {
					FrameTransformMatrix {
						-0.078643,0.049881,-0.995654,0.000000,
						0.861947,0.505190,-0.042773,0.000000,
						0.500862,-0.861565,-0.082725,0.000000,
						-0.000000,1.162417,0.000000,1.000000;;
					}
					SI_FrameBasePoseMatrix {
						0.119681,0.162116,-0.979487,0.000000,
						0.211420,0.959787,0.184689,0.000000,
						0.970040,-0.229187,0.080593,0.000000,
						0.000000,1.162417,0.000000,1.000000;;
					}
				}
		}
		Frame frm-lb1 {
			FrameTransformMatrix {
				0.979747,0.134742,0.148123,0.000000,
				0.157941,-0.065296,-0.985287,0.000000,
				-0.123088,0.988727,-0.085255,0.000000,
				1.572698,0.111871,0.848873,1.000000;;
			}
			SI_FrameBasePoseMatrix {
				0.892495,0.369055,-0.259327,0.000000,
				-0.060037,-0.472620,-0.879219,0.000000,
				-0.447043,0.800268,-0.399655,0.000000,
				1.572698,0.111871,0.848873,1.000000;;
			}
				Frame frm-lb2 {
					FrameTransformMatrix {
						-0.063911,0.198506,-0.978014,0.000000,
						-0.487951,0.848664,0.204139,0.000000,
						0.870528,0.490270,0.042622,0.000000,
						-0.000000,1.062276,0.000000,1.000000;;
					}
					SI_FrameBasePoseMatrix {
						-0.203219,0.167548,-0.964692,0.000000,
						-0.010460,0.984823,0.173248,0.000000,
						0.979078,0.045298,-0.198382,0.000000,
						-0.000000,1.062276,-0.000000,1.000000;;
					}
				}
		}
		Frame frm-la1 {
			FrameTransformMatrix {
				0.976119,0.135607,0.169712,0.000000,
				0.173566,-0.017036,-0.984675,0.000000,
				-0.130637,0.990616,-0.040166,0.000000,
				1.666428,0.716036,0.844359,1.000000;;
			}
			SI_FrameBasePoseMatrix {
				0.910127,0.229594,-0.344899,0.000000,
				-0.178285,-0.534408,-0.826210,0.000000,
				-0.374010,0.813446,-0.445446,0.000000,
				1.666428,0.716036,0.844359,1.000000;;
			}
				Frame frm-la2 {
					FrameTransformMatrix {
						0.115062,-0.167349,0.979160,0.000000,
						-0.842861,0.505191,0.185388,0.000000,
						-0.525687,-0.846627,-0.082924,0.000000,
						0.000000,1.162416,-0.000000,1.000000;;
					}
					SI_FrameBasePoseMatrix {
						0.244308,-0.191963,0.950507,0.000000,
						-0.155415,0.959787,0.233784,0.000000,
						-0.957162,-0.204838,0.204650,0.000000,
						-0.000000,1.162416,0.000000,1.000000;;
					}
				}
		}
		Frame frm-mort1 {
			FrameTransformMatrix {
				1.000000,0.000000,0.000000,0.000000,
				0.000000,1.000000,-0.000001,0.000000,
				0.000000,0.000001,1.000000,0.000000,
				0.000001,1.939062,-0.601116,1.000000;;
			}
			SI_FrameBasePoseMatrix {
				1.000000,0.000000,0.000000,0.000000,
				0.000000,1.000000,-0.000001,0.000000,
				0.000000,0.000001,1.000000,0.000000,
				0.000001,1.939062,-0.601116,1.000000;;
			}
		}
}

AnimationSet {
	Animation anim-rb1 {
		{frm-rb1}
		SI_AnimationKey {
			0;
			3;
			0;4;0.615749,0.783803,-0.077427,0.022597;;,
			1;4;0.512674,0.851373,-0.029244,0.107120;;,
			2;4;0.619415,0.777172,-0.042976,0.102386;;;
		}
	}
	Animation anim-rb2 {
		{frm-rb2}
		SI_AnimationKey {
			0;
			3;
			0;4;0.773478,-0.106935,-0.598746,-0.178327;;,
			1;4;0.753875,-0.080161,-0.651218,-0.034100;;,
			2;4;0.718580,-0.259757,-0.642636,-0.056470;;;
		}
	}
	Animation anim-ra1 {
		{frm-ra1}
		SI_AnimationKey {
			0;
			3;
			0;4;0.592608,0.805198,0.004247,0.021321;;,
			1;4;0.479993,0.870534,0.049015,0.096824;;,
			2;4;0.589514,0.800435,0.035957,0.102394;;;
		}
	}
	Animation anim-ra2 {
		{frm-ra2}
		SI_AnimationKey {
			0;
			3;
			0;4;0.742949,-0.188330,-0.629271,-0.128753;;,
			1;4;0.734857,-0.140802,-0.663233,0.016773;;,
			2;4;0.670345,-0.313484,-0.672437,0.013886;;;
		}
	}
	Animation anim-lb1 {
		{frm-lb1}
		SI_AnimationKey {
			0;
			3;
			0;4;0.609226,0.758348,0.119853,-0.198463;;,
			1;4;0.505030,0.831380,0.092923,-0.212409;;,
			2;4;0.601295,0.774873,0.153579,-0.120123;;;
		}
	}
	Animation anim-lb2 {
		{frm-lb2}
		SI_AnimationKey {
			0;
			3;
			0;4;0.621574,-0.112040,-0.736875,-0.241059;;,
			1;4;0.629131,-0.050844,-0.772403,-0.070736;;,
			2;4;0.576113,-0.197432,-0.790479,-0.065241;;;
		}
	}
	Animation anim-la1 {
		{frm-la1}
		SI_AnimationKey {
			0;
			3;
			0;4;0.589074,0.779779,0.042561,-0.207666;;,
			1;4;0.482253,0.849997,0.015091,-0.211444;;,
			2;4;0.587934,0.795254,0.074401,-0.127941;;;
		}
	}
	Animation anim-la2 {
		{frm-la2}
		SI_AnimationKey {
			0;
			3;
			0;4;0.712221,-0.309911,0.627914,0.049198;;,
			1;4;0.776007,-0.141307,0.614579,0.011775;;,
			2;4;0.781896,-0.158718,0.580166,0.163872;;;
		}
	}
}

SI_EnvelopeList {
	9;
	SI_Envelope {
		"frm-body";
		"frm-la1";
		9;
		76;0.000000;,
		97;0.000000;,
		99;0.000000;,
		101;0.000000;,
		103;100.000000;,
		105;99.910265;,
		107;100.000000;,
		108;0.000052;,
		109;99.966884;;
	}
	SI_Envelope {
		"frm-body";
		"frm-la2";
		10;
		84;0.000000;,
		103;0.000000;,
		105;0.000000;,
		107;0.000000;,
		109;0.000000;,
		111;100.000000;,
		113;100.000000;,
		115;99.999940;,
		117;100.000000;,
		119;100.000000;;
	}
	SI_Envelope {
		"frm-body";
		"frm-rb1";
		8;
		4;0.000002;,
		26;0.000000;,
		28;0.000000;,
		30;0.000000;,
		32;99.999988;,
		34;100.000000;,
		36;99.997419;,
		38;99.942195;;
	}
	SI_Envelope {
		"frm-body";
		"frm-ra1";
		7;
		27;0.000000;,
		29;0.000000;,
		31;0.000000;,
		33;99.999839;,
		35;100.000000;,
		37;100.000000;,
		39;100.000000;;
	}
	SI_Envelope {
		"frm-body";
		"frm-ra2";
		10;
		17;0.000000;,
		33;0.000000;,
		35;0.000000;,
		37;0.000000;,
		39;0.000000;,
		41;100.000000;,
		43;99.999946;,
		45;100.000000;,
		47;100.000000;,
		49;100.000000;;
	}
	SI_Envelope {
		"frm-body";
		"frm-lb1";
		7;
		61;0.000281;,
		96;0.000000;,
		98;0.000064;,
		102;99.995464;,
		104;100.000000;,
		106;99.994946;,
		108;99.999988;;
	}
	SI_Envelope {
		"frm-body";
		"frm-rb2";
		5;
		40;99.999177;,
		42;100.000000;,
		44;99.999034;,
		46;99.943739;,
		48;100.000000;;
	}
	SI_Envelope {
		"frm-body";
		"frm-mort1";
		7;
		50;100.000000;,
		51;99.973112;,
		86;0.000000;,
		120;99.999976;,
		121;97.088182;,
		122;100.000000;,
		123;99.998629;;
	}
	SI_Envelope {
		"frm-body";
		"frm-lb2";
		5;
		110;100.000000;,
		112;99.998015;,
		114;99.999988;,
		116;99.995506;,
		118;100.000000;;
	}
}
